1.259778442382812500e+03
5.445139648437500000e+03
1.664939941406250000e+03
3.046087402343750000e+03
3.644493652343750000e+03
2.444080566406250000e+03
1.082799682617187500e+03
1.635568359375000000e+03
2.212140380859375000e+03
1.937677001953125000e+03
1.251887695312500000e+03
1.022521118164062500e+03
1.508437500000000000e+03
1.577183593750000000e+03
1.285897705078125000e+03
9.389956054687500000e+02
1.025788818359375000e+03
1.247356933593750000e+03
1.234915527343750000e+03
1.056859252929687500e+03
9.361281738281250000e+02
9.656855468750000000e+02
1.063692382812500000e+03
1.078354614257812500e+03
9.235068359375000000e+02
8.422492675781250000e+02
8.865911254882812500e+02
9.856585693359375000e+02
9.339192504882812500e+02
8.656171875000000000e+02
8.232267456054687500e+02
8.296068115234375000e+02
8.739093627929687500e+02
8.187967529296875000e+02
7.995398559570312500e+02
7.724402465820312500e+02
7.823623046875000000e+02
7.914791259765625000e+02
7.529089355468750000e+02
7.295165405273437500e+02
7.179735107421875000e+02
7.513754272460937500e+02
7.012343139648437500e+02
6.733288574218750000e+02
6.763768310546875000e+02
7.120375366210937500e+02
6.673092651367187500e+02
6.523869018554687500e+02
6.424576416015625000e+02
6.224951171875000000e+02
6.177331542968750000e+02
6.209759521484375000e+02
6.225276489257812500e+02
5.992154541015625000e+02
6.099813842773437500e+02
5.927189331054687500e+02
5.963023681640625000e+02
5.749513549804687500e+02
5.835059814453125000e+02
5.862114868164062500e+02
5.599049682617187500e+02
5.523035278320312500e+02
5.392227783203125000e+02
5.521846923828125000e+02
5.197928466796875000e+02
5.274007568359375000e+02
5.268087158203125000e+02
5.227667236328125000e+02
5.178358764648437500e+02
5.181219482421875000e+02
4.980733032226562500e+02
4.890567016601562500e+02
4.973042602539062500e+02
4.734428100585937500e+02
4.822362060546875000e+02
4.847613830566406250e+02
4.656430358886718750e+02
4.737417602539062500e+02
4.512658691406250000e+02
4.719684753417968750e+02
4.611836853027343750e+02
4.513786010742187500e+02
4.373259582519531250e+02
4.450876464843750000e+02
4.332133483886718750e+02
4.348980102539062500e+02
4.200023498535156250e+02
4.211242980957031250e+02
4.100330505371093750e+02
4.185093078613281250e+02
4.014474487304687500e+02
4.027303771972656250e+02
4.054942016601562500e+02
4.072296142578125000e+02
4.085440368652343750e+02
4.002312622070312500e+02
3.933434753417968750e+02
3.879936218261718750e+02
3.960807495117187500e+02
3.866797485351562500e+02
3.773729248046875000e+02
3.854815063476562500e+02
3.766633300781250000e+02
3.672608032226562500e+02
3.819533996582031250e+02
3.741218261718750000e+02
3.631945800781250000e+02
3.628583068847656250e+02
3.531936035156250000e+02
3.533068237304687500e+02
3.515636291503906250e+02
3.533067321777343750e+02
3.490731811523437500e+02
3.564995422363281250e+02
3.460480346679687500e+02
3.403864746093750000e+02
3.404146728515625000e+02
3.409621582031250000e+02
3.310313110351562500e+02
3.345258178710937500e+02
3.423855590820312500e+02
3.333007507324218750e+02
3.338365478515625000e+02
3.318246459960937500e+02
3.295979919433593750e+02
3.211779174804687500e+02
3.158838500976562500e+02
3.205441894531250000e+02
3.203786010742187500e+02
3.113824157714843750e+02
3.008388061523437500e+02
3.071294555664062500e+02
3.079513549804687500e+02
3.178936462402343750e+02
3.031558837890625000e+02
3.052519836425781250e+02
3.096006774902343750e+02
3.052578430175781250e+02
3.249785766601562500e+02
3.002580566406250000e+02
2.959598388671875000e+02
3.216986694335937500e+02
3.058038635253906250e+02
2.899898071289062500e+02
2.919449768066406250e+02
2.983826904296875000e+02
2.906656188964843750e+02
2.858648681640625000e+02
2.826982727050781250e+02
2.768350219726562500e+02
2.860944519042968750e+02
2.887545166015625000e+02
2.928919067382812500e+02
2.795751037597656250e+02
2.816254882812500000e+02
2.707648620605468750e+02
2.841259460449218750e+02
3.000840454101562500e+02
3.016556396484375000e+02
2.737925415039062500e+02
2.667428894042968750e+02
2.843888549804687500e+02
2.895739440917968750e+02
2.743521423339843750e+02
2.656210632324218750e+02
2.853669128417968750e+02
2.905291137695312500e+02
2.814684448242187500e+02
2.636186523437500000e+02
2.586694030761718750e+02
2.641680297851562500e+02
2.735069885253906250e+02
2.603832397460937500e+02
2.596447448730468750e+02
2.569305419921875000e+02
2.559285125732421875e+02
2.555922698974609375e+02
2.575022277832031250e+02
2.565646972656250000e+02
2.697379760742187500e+02
2.747648010253906250e+02
2.747185974121093750e+02
2.737088012695312500e+02
2.425168151855468750e+02
2.456398315429687500e+02
2.739368286132812500e+02
2.720824279785156250e+02
2.637860717773437500e+02
2.427420349121093750e+02
2.404911499023437500e+02
2.365118103027343750e+02
2.567897033691406250e+02
2.689121398925781250e+02
2.512853393554687500e+02
2.461284637451171875e+02
2.323147735595703125e+02
2.451038818359375000e+02
2.569545898437500000e+02
2.693242187500000000e+02
2.497345275878906250e+02
2.407840881347656250e+02
2.361743164062500000e+02
2.508565216064453125e+02
2.473273773193359375e+02
2.571909790039062500e+02
2.347361450195312500e+02
2.291857452392578125e+02
2.307635650634765625e+02
2.259925842285156250e+02
2.296118469238281250e+02
2.350864410400390625e+02
2.644754638671875000e+02
2.652268981933593750e+02
2.396147003173828125e+02
2.208963928222656250e+02
2.224051361083984375e+02
2.290608825683593750e+02
2.515354766845703125e+02
2.534120788574218750e+02
2.400067138671875000e+02
2.338484497070312500e+02
2.203112640380859375e+02
2.156195526123046875e+02
2.240039978027343750e+02
2.242474212646484375e+02
2.363868713378906250e+02
2.297865295410156250e+02
2.237536315917968750e+02
2.196636657714843750e+02
2.185802307128906250e+02
2.092265319824218750e+02
2.131113128662109375e+02
2.061375427246093750e+02
2.104814605712890625e+02
2.150296020507812500e+02
2.117424468994140625e+02
2.051415405273437500e+02
2.038251647949218750e+02
2.152791748046875000e+02
2.321343841552734375e+02
2.496967163085937500e+02
2.483616180419921875e+02
2.203670959472656250e+02
2.098757324218750000e+02
2.121431579589843750e+02
2.086823577880859375e+02
2.120129089355468750e+02
2.286215209960937500e+02
2.530193786621093750e+02
2.327885437011718750e+02
2.097380676269531250e+02
2.072255096435546875e+02
2.052498168945312500e+02
2.236661529541015625e+02
2.412287902832031250e+02
2.485244445800781250e+02
2.159192199707031250e+02
1.981397552490234375e+02
2.009908447265625000e+02
2.193376922607421875e+02
2.410279693603515625e+02
2.343181762695312500e+02
2.121798095703125000e+02
1.984966735839843750e+02
1.938173980712890625e+02
2.027182312011718750e+02
2.230916748046875000e+02
2.232083740234375000e+02
2.151176910400390625e+02
2.040468444824218750e+02
1.903072204589843750e+02
1.943002471923828125e+02
1.896686859130859375e+02
1.940931549072265625e+02
1.960802612304687500e+02
1.911335296630859375e+02
1.967613983154296875e+02
2.070705108642578125e+02
2.206184539794921875e+02
2.238842163085937500e+02
2.014008178710937500e+02
1.907485656738281250e+02
1.911656646728515625e+02
1.872135925292968750e+02
1.838716125488281250e+02
1.887106018066406250e+02
1.904525451660156250e+02
2.005374145507812500e+02
2.196079406738281250e+02
2.330477600097656250e+02
2.259852142333984375e+02
2.085506591796875000e+02
1.943654174804687500e+02
1.880049285888671875e+02
1.902195434570312500e+02
1.901642150878906250e+02
1.833417663574218750e+02
1.835410156250000000e+02
1.946291809082031250e+02
2.116793060302734375e+02
2.395473327636718750e+02
2.367921600341796875e+02
1.960593261718750000e+02
1.775354614257812500e+02
1.762318115234375000e+02
1.932623596191406250e+02
2.048699645996093750e+02
2.032654418945312500e+02
1.869536437988281250e+02
1.859823608398437500e+02
1.779666595458984375e+02
1.769372863769531250e+02
1.804298095703125000e+02
1.814882965087890625e+02
1.833549499511718750e+02
1.978807067871093750e+02
2.163161468505859375e+02
2.360750732421875000e+02
2.045104064941406250e+02
1.771231384277343750e+02
1.833638000488281250e+02
2.060410461425781250e+02
2.402982025146484375e+02
2.086240997314453125e+02
1.804337005615234375e+02
1.816604461669921875e+02
1.958001708984375000e+02
1.908760833740234375e+02
1.904994506835937500e+02
1.902075653076171875e+02
1.782329101562500000e+02
1.738593444824218750e+02
1.764558410644531250e+02
1.736815490722656250e+02
1.711696777343750000e+02
1.865960693359375000e+02
1.899074707031250000e+02
1.975864562988281250e+02
1.954051055908203125e+02
1.890433197021484375e+02
1.798596343994140625e+02
1.726762084960937500e+02
1.787446441650390625e+02
1.952963562011718750e+02
2.101404724121093750e+02
1.961808776855468750e+02
1.854194030761718750e+02
1.682937011718750000e+02
1.692176055908203125e+02
1.805400085449218750e+02
1.910549011230468750e+02
2.091223449707031250e+02
2.055401458740234375e+02
1.857316284179687500e+02
1.745232543945312500e+02
1.660155487060546875e+02
1.670942077636718750e+02
1.725381469726562500e+02
1.813317871093750000e+02
1.867052307128906250e+02
1.879234161376953125e+02
1.788825531005859375e+02
1.725265960693359375e+02
1.643723754882812500e+02
1.634608612060546875e+02
1.593939971923828125e+02
1.634808502197265625e+02
1.617897644042968750e+02
1.684587249755859375e+02
1.854838867187500000e+02
2.008522644042968750e+02
2.037206878662109375e+02
1.922127838134765625e+02
1.810913543701171875e+02
1.651600646972656250e+02
1.621435546875000000e+02
1.678602447509765625e+02
1.758392028808593750e+02
2.003287811279296875e+02
2.170312500000000000e+02
2.033430480957031250e+02
1.797668914794921875e+02
1.635653076171875000e+02
1.668022613525390625e+02
1.746035461425781250e+02
1.829920959472656250e+02
1.875683288574218750e+02
1.908599395751953125e+02
1.783057403564453125e+02
1.614615173339843750e+02
1.592007904052734375e+02
1.750820922851562500e+02
1.833603668212890625e+02
1.813877716064453125e+02
1.739764709472656250e+02
1.653619384765625000e+02
1.658573913574218750e+02
1.527452087402343750e+02
1.638864288330078125e+02
1.652053527832031250e+02
1.716619262695312500e+02
1.778905944824218750e+02
1.680522613525390625e+02
1.623817901611328125e+02
1.567723999023437500e+02
1.589150390625000000e+02
1.716043090820312500e+02
1.915010681152343750e+02
2.045679473876953125e+02
1.783996734619140625e+02
1.567939453125000000e+02
1.583630981445312500e+02
1.817596588134765625e+02
1.970886535644531250e+02
1.852285766601562500e+02
1.629337310791015625e+02
1.580064086914062500e+02
1.572916107177734375e+02
1.595413665771484375e+02
1.663737182617187500e+02
1.675044555664062500e+02
1.866214599609375000e+02
1.863531494140625000e+02
1.685610961914062500e+02
1.559794616699218750e+02
1.544871978759765625e+02
1.767740173339843750e+02
2.102998352050781250e+02
1.918370361328125000e+02
1.549565429687500000e+02
1.641237945556640625e+02
2.105779876708984375e+02
1.956629180908203125e+02
1.581708984375000000e+02
1.600179595947265625e+02
1.914057159423828125e+02
1.979407043457031250e+02
1.688485107421875000e+02
1.554308624267578125e+02
1.720466766357421875e+02
1.900647277832031250e+02
1.775129394531250000e+02
1.564627075195312500e+02
1.513979492187500000e+02
1.618912658691406250e+02
1.827922363281250000e+02
1.757714080810546875e+02
1.601399536132812500e+02
1.523445281982421875e+02
1.538953704833984375e+02
1.585285644531250000e+02
1.583357391357421875e+02
1.620500030517578125e+02
1.647236175537109375e+02
1.574010009765625000e+02
1.536149902343750000e+02
1.476643829345703125e+02
1.484516296386718750e+02
1.527642059326171875e+02
1.542019805908203125e+02
1.617393341064453125e+02
1.625460968017578125e+02
1.698706665039062500e+02
1.672700042724609375e+02
1.696772918701171875e+02
1.639157257080078125e+02
1.524534454345703125e+02
1.449038696289062500e+02
1.499857482910156250e+02
1.511562652587890625e+02
1.589257202148437500e+02
1.649668273925781250e+02
1.670661010742187500e+02
1.667845764160156250e+02
1.513862304687500000e+02
1.514352111816406250e+02
1.500755615234375000e+02
1.486906890869140625e+02
1.447627105712890625e+02
1.435565185546875000e+02
1.476676025390625000e+02
1.686706237792968750e+02
1.866408081054687500e+02
1.827086791992187500e+02
1.576910095214843750e+02
1.472988433837890625e+02
1.393492126464843750e+02
1.458787841796875000e+02
1.533233184814453125e+02
1.611780090332031250e+02
1.735927734375000000e+02
1.678482666015625000e+02
1.518200073242187500e+02
1.468807220458984375e+02
1.450032806396484375e+02
1.474978332519531250e+02
1.774206390380859375e+02
1.894983673095703125e+02
1.685912780761718750e+02
1.461818542480468750e+02
1.400693054199218750e+02
1.459155426025390625e+02
1.573504028320312500e+02
1.733828582763671875e+02
1.725450286865234375e+02
1.594208374023437500e+02
1.450011596679687500e+02
1.426236419677734375e+02
1.414665222167968750e+02
1.484092102050781250e+02
1.612882537841796875e+02
1.725177154541015625e+02
1.565563201904296875e+02
1.491916503906250000e+02
1.436219329833984375e+02
1.453053588867187500e+02
1.441414489746093750e+02
1.434479675292968750e+02
1.524471435546875000e+02
1.588196411132812500e+02
1.529526519775390625e+02
1.434949035644531250e+02
1.426508636474609375e+02
1.412912902832031250e+02
1.536697540283203125e+02
1.770474548339843750e+02
1.802467346191406250e+02
1.552910461425781250e+02
1.432313537597656250e+02
1.468261718750000000e+02
1.738106079101562500e+02
1.820386047363281250e+02
1.462308654785156250e+02
1.432992858886718750e+02
1.599099273681640625e+02
1.825705413818359375e+02
1.622103729248046875e+02
1.443763885498046875e+02
1.492914428710937500e+02
1.904515838623046875e+02
1.847488098144531250e+02
1.498253173828125000e+02
1.504587554931640625e+02
1.936575622558593750e+02
1.740331726074218750e+02
1.419483184814453125e+02
1.639279785156250000e+02
2.080637207031250000e+02
1.604239654541015625e+02
1.421485137939453125e+02
1.631095886230468750e+02
1.680220336914062500e+02
1.482688140869140625e+02
1.373137969970703125e+02
1.478907165527343750e+02
1.519692382812500000e+02
1.526794281005859375e+02
1.432445678710937500e+02
1.415479125976562500e+02
1.432533721923828125e+02
1.800017700195312500e+02
1.741224060058593750e+02
1.477009124755859375e+02
1.413580169677734375e+02
1.618127746582031250e+02
1.715788574218750000e+02
1.504348144531250000e+02
1.368811187744140625e+02
1.461752777099609375e+02
1.504446868896484375e+02
1.423730773925781250e+02
1.409991455078125000e+02
1.375435791015625000e+02
1.353644866943359375e+02
1.581135864257812500e+02
1.738345184326171875e+02
1.560251464843750000e+02
1.383531799316406250e+02
1.359665222167968750e+02
1.387435607910156250e+02
1.471098480224609375e+02
1.487553710937500000e+02
1.507099914550781250e+02
1.375860900878906250e+02
1.351859283447265625e+02
1.290024719238281250e+02
1.438256835937500000e+02
1.567446289062500000e+02
1.605180664062500000e+02
1.453565368652343750e+02
1.364561004638671875e+02
1.360531311035156250e+02
1.410004882812500000e+02
1.553257751464843750e+02
1.589211120605468750e+02
1.453771362304687500e+02
1.349379119873046875e+02
1.367091827392578125e+02
1.515361480712890625e+02
1.670982666015625000e+02
1.512291717529296875e+02
1.365411529541015625e+02
1.316004791259765625e+02
1.317633819580078125e+02
1.330580596923828125e+02
1.332346343994140625e+02
1.401575622558593750e+02
1.527467651367187500e+02
1.560205993652343750e+02
1.416380767822265625e+02
1.333958435058593750e+02
1.326676788330078125e+02
1.316414184570312500e+02
1.363501586914062500e+02
1.520998687744140625e+02
1.544915618896484375e+02
1.397232208251953125e+02
1.328414459228515625e+02
1.332387084960937500e+02
1.302424468994140625e+02
1.321881866455078125e+02
1.525093994140625000e+02
1.691128692626953125e+02
1.578909454345703125e+02
1.372154388427734375e+02
1.319824371337890625e+02
1.360120086669921875e+02
1.485424194335937500e+02
1.556135101318359375e+02
1.386017913818359375e+02
1.342194671630859375e+02
1.349145355224609375e+02
1.374826660156250000e+02
1.363910827636718750e+02
1.348392639160156250e+02
1.346110382080078125e+02
1.358266754150390625e+02
1.305868225097656250e+02
1.240927352905273438e+02
1.253128509521484375e+02
1.292751617431640625e+02
1.365933685302734375e+02
1.457731628417968750e+02
1.585124664306640625e+02
1.662220458984375000e+02
1.565016021728515625e+02
1.365448760986328125e+02
1.280615997314453125e+02
1.319849548339843750e+02
1.348959350585937500e+02
1.458645629882812500e+02
1.484221191406250000e+02
1.402619781494140625e+02
1.342997894287109375e+02
1.299249420166015625e+02
1.272276916503906250e+02
1.251144256591796875e+02
1.232671356201171875e+02
1.287935638427734375e+02
1.290459899902343750e+02
1.283958129882812500e+02
1.334692687988281250e+02
1.402799377441406250e+02
1.396649475097656250e+02
1.349226531982421875e+02
1.303540496826171875e+02
1.270670471191406250e+02
1.284637756347656250e+02
1.332853546142578125e+02
1.363045196533203125e+02
1.396742706298828125e+02
1.479640502929687500e+02
1.523105773925781250e+02
1.494031982421875000e+02
1.488653106689453125e+02
1.396174011230468750e+02
1.273405303955078125e+02
1.268919906616210938e+02
1.316618194580078125e+02
1.470746612548828125e+02
1.516118164062500000e+02
1.366096191406250000e+02
1.277350082397460938e+02
1.250527343750000000e+02
1.307794036865234375e+02
1.431126556396484375e+02
1.527083282470703125e+02
1.467267303466796875e+02
1.310763244628906250e+02
1.278439102172851562e+02
1.247643737792968750e+02
1.237899093627929688e+02
1.250029678344726562e+02
1.311815643310546875e+02
1.456050720214843750e+02
1.565070953369140625e+02
1.566971740722656250e+02
1.322519073486328125e+02
1.291956176757812500e+02
1.198164367675781250e+02
1.266451644897460938e+02
1.249655532836914062e+02
1.303332977294921875e+02
1.362857818603515625e+02
1.437618713378906250e+02
1.461358337402343750e+02
1.437676391601562500e+02
1.293788604736328125e+02
1.230504684448242188e+02
1.270251007080078125e+02
1.526237640380859375e+02
1.559692687988281250e+02
1.417398376464843750e+02
1.218085708618164062e+02
1.208479309082031250e+02
1.291410980224609375e+02
1.472716217041015625e+02
1.536104888916015625e+02
1.485203399658203125e+02
1.351781616210937500e+02
1.304713287353515625e+02
1.231813507080078125e+02
1.220309295654296875e+02
1.224068145751953125e+02
1.198988342285156250e+02
1.221070480346679688e+02
1.231488952636718750e+02
1.226891632080078125e+02
1.302369232177734375e+02
1.384590606689453125e+02
1.425643005371093750e+02
1.452014923095703125e+02
1.429873046875000000e+02
1.349963378906250000e+02
1.249611892700195312e+02
1.223545684814453125e+02
1.232182006835937500e+02
1.285688018798828125e+02
1.441565551757812500e+02
1.515225982666015625e+02
1.397383728027343750e+02
1.243509368896484375e+02
1.220530395507812500e+02
1.352105407714843750e+02
1.569597625732421875e+02
1.403247985839843750e+02
1.313950805664062500e+02
1.231946563720703125e+02
1.212696151733398438e+02
1.238247833251953125e+02
1.279874191284179688e+02
1.353041229248046875e+02
1.288881530761718750e+02
1.373203887939453125e+02
1.320525207519531250e+02
1.310735473632812500e+02
1.224928894042968750e+02
1.185162200927734375e+02
1.202787780761718750e+02
1.256784591674804688e+02
1.437954711914062500e+02
1.492459716796875000e+02
1.496433105468750000e+02
1.304654998779296875e+02
1.248358383178710938e+02
1.222111206054687500e+02
1.356806945800781250e+02
1.603545532226562500e+02
1.574191894531250000e+02
1.336862640380859375e+02
1.275648040771484375e+02
1.194976654052734375e+02
1.270966033935546875e+02
1.345735473632812500e+02
1.426360168457031250e+02
1.406458740234375000e+02
1.324218292236328125e+02
1.225031204223632812e+02
1.219704132080078125e+02
1.181035919189453125e+02
1.247302398681640625e+02
1.200517883300781250e+02
1.207464294433593750e+02
1.182383728027343750e+02
1.196488876342773438e+02
1.180004425048828125e+02
1.203457412719726562e+02
1.220654907226562500e+02
1.298654327392578125e+02
1.486081848144531250e+02
1.556884918212890625e+02
1.360628662109375000e+02
1.198364486694335938e+02
1.194344635009765625e+02
1.218165435791015625e+02
1.360697479248046875e+02
1.518202362060546875e+02
1.487424926757812500e+02
1.285669555664062500e+02
1.180623397827148438e+02
1.303178710937500000e+02
1.412012023925781250e+02
1.407538299560546875e+02
1.264371032714843750e+02
1.232953033447265625e+02
1.230539169311523438e+02
1.330844879150390625e+02
1.426359405517578125e+02
1.421414184570312500e+02
1.341554107666015625e+02
1.220551757812500000e+02
1.173075866699218750e+02
1.248034744262695312e+02
1.352822265625000000e+02
1.406526794433593750e+02
1.318408660888671875e+02
1.210589218139648438e+02
1.211339340209960938e+02
1.216766204833984375e+02
1.419819641113281250e+02
1.499419097900390625e+02
1.374211425781250000e+02
1.220405349731445312e+02
1.203701095581054688e+02
1.174932327270507812e+02
1.231565933227539062e+02
1.327854156494140625e+02
1.488946685791015625e+02
1.414603881835937500e+02
1.246043319702148438e+02
1.180010452270507812e+02
1.152929000854492188e+02
1.275876312255859375e+02
1.333751831054687500e+02
1.327247161865234375e+02
1.310385131835937500e+02
1.190463562011718750e+02
1.155833206176757812e+02
1.293490447998046875e+02
1.515975036621093750e+02
1.528862762451171875e+02
1.272700195312500000e+02
1.169225006103515625e+02
1.299763183593750000e+02
1.468674011230468750e+02
1.493930664062500000e+02
1.293254699707031250e+02
1.136122741699218750e+02
1.218711547851562500e+02
1.400718231201171875e+02
1.426181640625000000e+02
1.277080230712890625e+02
1.194570312500000000e+02
1.239119033813476562e+02
1.361570434570312500e+02
1.450657348632812500e+02
1.334810180664062500e+02
1.208515014648437500e+02
1.196862106323242188e+02
1.261648864746093750e+02
1.265155944824218750e+02
1.277113952636718750e+02
1.216006774902343750e+02
1.138820495605468750e+02
1.125266265869140625e+02
1.217639389038085938e+02
1.365187530517578125e+02
1.425625000000000000e+02
1.347526397705078125e+02
1.207320632934570312e+02
1.154696960449218750e+02
1.179065246582031250e+02
1.203415069580078125e+02
1.217147445678710938e+02
1.222905044555664062e+02
1.182584838867187500e+02
1.172217864990234375e+02
1.136508026123046875e+02
1.179084167480468750e+02
1.217230377197265625e+02
1.289366607666015625e+02
1.343761749267578125e+02
1.309973297119140625e+02
1.232955245971679688e+02
1.189619216918945312e+02
1.116937408447265625e+02
1.130965423583984375e+02
1.173179626464843750e+02
1.224128341674804688e+02
1.284003753662109375e+02
1.364884033203125000e+02
1.273229370117187500e+02
1.156048431396484375e+02
1.145577545166015625e+02
1.112446136474609375e+02
1.132619018554687500e+02
1.194088973999023438e+02
1.268865966796875000e+02
1.240788879394531250e+02
1.296966400146484375e+02
1.286662750244140625e+02
1.224935684204101562e+02
1.163916549682617188e+02
1.107221908569335938e+02
1.124593811035156250e+02
1.119535980224609375e+02
1.143214111328125000e+02
1.208601531982421875e+02
1.328113250732421875e+02
1.350431365966796875e+02
1.341889648437500000e+02
1.219867858886718750e+02
1.120888366699218750e+02
1.177834777832031250e+02
1.383010711669921875e+02
1.583083801269531250e+02
1.368294372558593750e+02
1.185615539550781250e+02
1.115257644653320312e+02
1.213762054443359375e+02
1.297229309082031250e+02
1.330315093994140625e+02
1.260424957275390625e+02
1.163919143676757812e+02
1.219695510864257812e+02
1.403649291992187500e+02
1.468259582519531250e+02
1.304698486328125000e+02
1.140769195556640625e+02
1.198255310058593750e+02
1.290726318359375000e+02
1.465954895019531250e+02
1.321936492919921875e+02
1.235821990966796875e+02
1.132085189819335938e+02
1.106773605346679688e+02
1.140386962890625000e+02
1.117160720825195312e+02
1.167150878906250000e+02
1.125445785522460938e+02
1.115733871459960938e+02
1.090582885742187500e+02
1.125064392089843750e+02
1.170798034667968750e+02
1.206414794921875000e+02
1.352080078125000000e+02
1.425066070556640625e+02
1.250341873168945312e+02
1.101433639526367188e+02
1.125349578857421875e+02
1.191378479003906250e+02
1.354216613769531250e+02
1.437068634033203125e+02
1.273483657836914062e+02
1.130188293457031250e+02
1.159016799926757812e+02
1.276736907958984375e+02
1.398394165039062500e+02
1.205769271850585938e+02
1.129275436401367188e+02
1.130760650634765625e+02
1.215115585327148438e+02
1.517301940917968750e+02
1.458253021240234375e+02
1.221661987304687500e+02
1.144169921875000000e+02
1.331347656250000000e+02
1.479802703857421875e+02
1.318102569580078125e+02
1.170273742675781250e+02
1.153538742065429688e+02
1.223425674438476562e+02
1.268096084594726562e+02
1.213774642944335938e+02
1.117724075317382812e+02
1.100952148437500000e+02
1.141000976562500000e+02
1.113741302490234375e+02
1.102588424682617188e+02
1.129913482666015625e+02
1.106853103637695312e+02
1.133201293945312500e+02
1.163537826538085938e+02
1.191563568115234375e+02
1.290270233154296875e+02
1.266460800170898438e+02
1.233077087402343750e+02
1.148846664428710938e+02
1.137567367553710938e+02
1.094402923583984375e+02
1.082041168212890625e+02
1.093213577270507812e+02
1.142023696899414062e+02
1.196494064331054688e+02
1.228422470092773438e+02
1.193779754638671875e+02
1.142547378540039062e+02
1.172500991821289062e+02
1.075061492919921875e+02
1.065475311279296875e+02
