1.259778442382812500e+03
5.445139648437500000e+03
1.664939941406250000e+03
3.046087402343750000e+03
3.644493652343750000e+03
2.444080566406250000e+03
1.082799682617187500e+03
1.635568359375000000e+03
2.212140380859375000e+03
1.937677001953125000e+03
1.251887695312500000e+03
1.022521118164062500e+03
1.508437500000000000e+03
1.577183593750000000e+03
1.285897705078125000e+03
9.389956054687500000e+02
1.025788818359375000e+03
1.247356933593750000e+03
1.234915527343750000e+03
1.056859252929687500e+03
9.361281738281250000e+02
9.656855468750000000e+02
1.063692382812500000e+03
1.078354614257812500e+03
9.235068359375000000e+02
8.422492675781250000e+02
8.865911254882812500e+02
9.856585693359375000e+02
9.339192504882812500e+02
8.656171875000000000e+02
8.232267456054687500e+02
8.296068115234375000e+02
8.739093627929687500e+02
8.187967529296875000e+02
7.995398559570312500e+02
7.724402465820312500e+02
7.823623046875000000e+02
7.914791259765625000e+02
7.529089355468750000e+02
7.295165405273437500e+02
7.179735107421875000e+02
7.513754272460937500e+02
7.012343139648437500e+02
6.733288574218750000e+02
6.763768310546875000e+02
7.120375366210937500e+02
6.673092651367187500e+02
6.523869018554687500e+02
6.424576416015625000e+02
6.224951171875000000e+02
6.177331542968750000e+02
6.209759521484375000e+02
6.225276489257812500e+02
5.992154541015625000e+02
6.099813842773437500e+02
5.927189331054687500e+02
5.963023681640625000e+02
5.749513549804687500e+02
5.835059814453125000e+02
5.862114868164062500e+02
5.599049682617187500e+02
5.523035278320312500e+02
5.392227783203125000e+02
5.521846923828125000e+02
5.197928466796875000e+02
5.274007568359375000e+02
5.268087158203125000e+02
5.227667236328125000e+02
5.178358764648437500e+02
5.181219482421875000e+02
4.980733032226562500e+02
4.890567016601562500e+02
4.973042602539062500e+02
4.734428100585937500e+02
4.822362060546875000e+02
4.847613830566406250e+02
4.656430358886718750e+02
4.737417602539062500e+02
4.512658691406250000e+02
4.719684753417968750e+02
4.611836853027343750e+02
4.513786010742187500e+02
4.373259582519531250e+02
4.450876464843750000e+02
4.332133483886718750e+02
4.348980102539062500e+02
4.200023498535156250e+02
4.211242980957031250e+02
4.100330505371093750e+02
4.185093078613281250e+02
4.014474487304687500e+02
4.027303771972656250e+02
4.054942016601562500e+02
4.072296142578125000e+02
4.085440368652343750e+02
4.002312622070312500e+02
3.933434753417968750e+02
3.879936218261718750e+02
3.960807495117187500e+02
3.866797485351562500e+02
3.773729248046875000e+02
3.854815063476562500e+02
3.766633300781250000e+02
3.672608032226562500e+02
3.819533996582031250e+02
3.741218261718750000e+02
3.631945800781250000e+02
3.628583068847656250e+02
3.531936035156250000e+02
3.533068237304687500e+02
3.515636291503906250e+02
3.533067321777343750e+02
3.490731811523437500e+02
3.564995422363281250e+02
3.460480346679687500e+02
3.403864746093750000e+02
3.404146728515625000e+02
3.409621582031250000e+02
3.310313110351562500e+02
3.345258178710937500e+02
3.423855590820312500e+02
3.333007507324218750e+02
3.338365478515625000e+02
3.318246459960937500e+02
3.295979919433593750e+02
3.211779174804687500e+02
3.158838500976562500e+02
3.205441894531250000e+02
3.203786010742187500e+02
3.113824157714843750e+02
3.008388061523437500e+02
3.071294555664062500e+02
3.079513549804687500e+02
3.178936462402343750e+02
3.031558837890625000e+02
3.052519836425781250e+02
3.096006774902343750e+02
3.052578430175781250e+02
3.249785766601562500e+02
3.002580566406250000e+02
2.959598388671875000e+02
3.216986694335937500e+02
3.058038635253906250e+02
2.899898071289062500e+02
2.919449768066406250e+02
2.983826904296875000e+02
2.906656188964843750e+02
2.858648681640625000e+02
2.826982727050781250e+02
2.768350219726562500e+02
2.860944519042968750e+02
2.887545166015625000e+02
2.928919067382812500e+02
2.795751037597656250e+02
2.816254882812500000e+02
2.707648620605468750e+02
2.841259460449218750e+02
3.000840454101562500e+02
3.016556396484375000e+02
2.737925415039062500e+02
2.667428894042968750e+02
2.843888549804687500e+02
2.895739440917968750e+02
2.743521423339843750e+02
2.656210632324218750e+02
2.853669128417968750e+02
2.905291137695312500e+02
2.814684448242187500e+02
2.636186523437500000e+02
2.586694030761718750e+02
2.641680297851562500e+02
2.735069885253906250e+02
2.603832397460937500e+02
2.596447448730468750e+02
2.569305419921875000e+02
2.559285125732421875e+02
2.555922698974609375e+02
2.575022277832031250e+02
2.565646972656250000e+02
2.697379760742187500e+02
2.747648010253906250e+02
2.747185974121093750e+02
2.737088012695312500e+02
2.425168151855468750e+02
2.456398315429687500e+02
2.739368286132812500e+02
2.720824279785156250e+02
2.637860717773437500e+02
2.427420349121093750e+02
2.404911499023437500e+02
2.365118103027343750e+02
2.567897033691406250e+02
2.689121398925781250e+02
2.512853393554687500e+02
2.461284637451171875e+02
2.323147735595703125e+02
2.451038818359375000e+02
2.569545898437500000e+02
2.693242187500000000e+02
2.497345275878906250e+02
2.407840881347656250e+02
2.361743164062500000e+02
2.508565216064453125e+02
2.473273773193359375e+02
2.571909790039062500e+02
2.347361450195312500e+02
2.291857452392578125e+02
2.307635650634765625e+02
2.259925842285156250e+02
2.296118469238281250e+02
2.350864410400390625e+02
2.644754638671875000e+02
2.652268981933593750e+02
2.396147003173828125e+02
2.208963928222656250e+02
2.224051361083984375e+02
2.290608825683593750e+02
2.515354766845703125e+02
2.534120788574218750e+02
2.400067138671875000e+02
2.338484497070312500e+02
2.203112640380859375e+02
2.156195526123046875e+02
2.240039978027343750e+02
2.242474212646484375e+02
2.363868713378906250e+02
2.297865295410156250e+02
2.237536315917968750e+02
2.196636657714843750e+02
2.185802307128906250e+02
2.092265319824218750e+02
2.131113128662109375e+02
2.061375427246093750e+02
2.104814605712890625e+02
2.150296020507812500e+02
2.117424468994140625e+02
2.051415405273437500e+02
2.038251647949218750e+02
2.152791748046875000e+02
2.321343841552734375e+02
2.496967163085937500e+02
2.483616180419921875e+02
2.203670959472656250e+02
2.098757324218750000e+02
2.121431579589843750e+02
2.086823577880859375e+02
2.120129089355468750e+02
2.286215209960937500e+02
2.530193786621093750e+02
2.327885437011718750e+02
2.097380676269531250e+02
2.072255096435546875e+02
2.052498168945312500e+02
2.236661529541015625e+02
2.412287902832031250e+02
2.485244445800781250e+02
2.159192199707031250e+02
1.981397552490234375e+02
2.009908447265625000e+02
2.193376922607421875e+02
2.410279693603515625e+02
2.343181762695312500e+02
2.121798095703125000e+02
1.984966735839843750e+02
1.938173980712890625e+02
2.027182312011718750e+02
2.230916748046875000e+02
2.232083740234375000e+02
2.151176910400390625e+02
2.040468444824218750e+02
1.903072204589843750e+02
1.943002471923828125e+02
1.896686859130859375e+02
1.940931549072265625e+02
1.960802612304687500e+02
1.911335296630859375e+02
1.967613983154296875e+02
2.070705108642578125e+02
2.206184539794921875e+02
2.238842163085937500e+02
2.014008178710937500e+02
1.907485656738281250e+02
1.911656646728515625e+02
1.872135925292968750e+02
1.838716125488281250e+02
1.887106018066406250e+02
1.904525451660156250e+02
2.005374145507812500e+02
2.196079406738281250e+02
2.330477600097656250e+02
2.259852142333984375e+02
2.085506591796875000e+02
1.943654174804687500e+02
1.880049285888671875e+02
1.902195434570312500e+02
1.901642150878906250e+02
1.833417663574218750e+02
1.835410156250000000e+02
1.946291809082031250e+02
2.116793060302734375e+02
2.395473327636718750e+02
2.367921600341796875e+02
1.960593261718750000e+02
1.775354614257812500e+02
1.762318115234375000e+02
1.932623596191406250e+02
2.048699645996093750e+02
2.032654418945312500e+02
1.869536437988281250e+02
1.859823608398437500e+02
1.779666595458984375e+02
1.769372863769531250e+02
1.804298095703125000e+02
1.814882965087890625e+02
1.833549499511718750e+02
1.978807067871093750e+02
2.163161468505859375e+02
2.360750732421875000e+02
2.045104064941406250e+02
1.771231384277343750e+02
1.833638000488281250e+02
2.060410461425781250e+02
2.402982025146484375e+02
2.086240997314453125e+02
1.804337005615234375e+02
1.816604461669921875e+02
1.958001708984375000e+02
1.908760833740234375e+02
1.904994506835937500e+02
1.902075653076171875e+02
1.782329101562500000e+02
1.738593444824218750e+02
1.764558410644531250e+02
1.736815490722656250e+02
1.711696777343750000e+02
1.865960693359375000e+02
1.899074707031250000e+02
1.975864562988281250e+02
1.954051055908203125e+02
1.890433197021484375e+02
1.798596343994140625e+02
1.726762084960937500e+02
1.787446441650390625e+02
1.952963562011718750e+02
2.101404724121093750e+02
1.961808776855468750e+02
1.854194030761718750e+02
1.682937011718750000e+02
1.692176055908203125e+02
1.805400085449218750e+02
1.910549011230468750e+02
2.091223449707031250e+02
2.055401458740234375e+02
1.857316284179687500e+02
1.745232543945312500e+02
1.660155487060546875e+02
1.670942077636718750e+02
1.725381469726562500e+02
1.813317871093750000e+02
1.867052307128906250e+02
1.879234161376953125e+02
1.788825531005859375e+02
1.725265960693359375e+02
1.643723754882812500e+02
1.634608612060546875e+02
1.593939971923828125e+02
1.634808502197265625e+02
1.617897644042968750e+02
1.684587249755859375e+02
1.854838867187500000e+02
2.008522644042968750e+02
2.037206878662109375e+02
1.922127838134765625e+02
1.810913543701171875e+02
1.651600646972656250e+02
1.621435546875000000e+02
1.678602447509765625e+02
1.758392028808593750e+02
2.003287811279296875e+02
2.170312500000000000e+02
2.033430480957031250e+02
1.797668914794921875e+02
1.635653076171875000e+02
1.668022613525390625e+02
1.746035461425781250e+02
1.829920959472656250e+02
1.875683288574218750e+02
1.908599395751953125e+02
1.783057403564453125e+02
1.614615173339843750e+02
1.592007904052734375e+02
1.750820922851562500e+02
1.833603668212890625e+02
1.813877716064453125e+02
1.739764709472656250e+02
1.653619384765625000e+02
1.658573913574218750e+02
1.527452087402343750e+02
1.638864288330078125e+02
1.652053527832031250e+02
1.716619262695312500e+02
1.778905944824218750e+02
1.680522613525390625e+02
1.623817901611328125e+02
1.567723999023437500e+02
1.589150390625000000e+02
1.716043090820312500e+02
1.915010681152343750e+02
2.045679473876953125e+02
1.783996734619140625e+02
1.567939453125000000e+02
1.583630981445312500e+02
1.817596588134765625e+02
1.970886535644531250e+02
1.852285766601562500e+02
1.629337310791015625e+02
1.580064086914062500e+02
1.572916107177734375e+02
1.595413665771484375e+02
1.663737182617187500e+02
1.675044555664062500e+02
1.866214599609375000e+02
1.863531494140625000e+02
1.685610961914062500e+02
1.559794616699218750e+02
1.544871978759765625e+02
1.767740173339843750e+02
2.102998352050781250e+02
1.918370361328125000e+02
1.549565429687500000e+02
1.641237945556640625e+02
2.105779876708984375e+02
1.956629180908203125e+02
1.581708984375000000e+02
1.600179595947265625e+02
1.914057159423828125e+02
1.979407043457031250e+02
1.688485107421875000e+02
1.554308624267578125e+02
1.720466766357421875e+02
1.900647277832031250e+02
1.775129394531250000e+02
1.564627075195312500e+02
1.513979492187500000e+02
1.618912658691406250e+02
1.827922363281250000e+02
1.757714080810546875e+02
1.601399536132812500e+02
1.523445281982421875e+02
1.538953704833984375e+02
1.585285644531250000e+02
1.583357391357421875e+02
1.620500030517578125e+02
1.647236175537109375e+02
1.574010009765625000e+02
1.536149902343750000e+02
1.476643829345703125e+02
1.484516296386718750e+02
1.527642059326171875e+02
1.542019805908203125e+02
1.617393341064453125e+02
1.625460968017578125e+02
1.698706665039062500e+02
1.672700042724609375e+02
1.696772918701171875e+02
1.639157257080078125e+02
1.524534454345703125e+02
1.449038696289062500e+02
1.499857482910156250e+02
1.511562652587890625e+02
1.589257202148437500e+02
1.649668273925781250e+02
1.670661010742187500e+02
1.667845764160156250e+02
1.513862304687500000e+02
1.514352111816406250e+02
1.500755615234375000e+02
1.486906890869140625e+02
1.447627105712890625e+02
1.435565185546875000e+02
1.476676025390625000e+02
1.686706237792968750e+02
1.866408081054687500e+02
1.827086791992187500e+02
1.576910095214843750e+02
1.472988433837890625e+02
1.393492126464843750e+02
1.458787841796875000e+02
1.533233184814453125e+02
1.611780090332031250e+02
1.735927734375000000e+02
1.678482666015625000e+02
1.518200073242187500e+02
1.468807220458984375e+02
1.450032806396484375e+02
1.474978332519531250e+02
1.774206390380859375e+02
1.894983673095703125e+02
1.685912780761718750e+02
1.461818542480468750e+02
1.400693054199218750e+02
1.459155426025390625e+02
1.573504028320312500e+02
1.733828582763671875e+02
1.725450286865234375e+02
1.594208374023437500e+02
1.450011596679687500e+02
1.426236419677734375e+02
1.414665222167968750e+02
1.484092102050781250e+02
1.612882537841796875e+02
1.725177154541015625e+02
1.565563201904296875e+02
1.491916503906250000e+02
1.436219329833984375e+02
1.453053588867187500e+02
1.441414489746093750e+02
1.434479675292968750e+02
1.524471435546875000e+02
1.588196411132812500e+02
1.529526519775390625e+02
1.434949035644531250e+02
1.426508636474609375e+02
1.412912902832031250e+02
1.536697540283203125e+02
1.770474548339843750e+02
1.802467346191406250e+02
1.552910461425781250e+02
1.432313537597656250e+02
1.468261718750000000e+02
1.738106079101562500e+02
1.820386047363281250e+02
1.462308654785156250e+02
1.432992858886718750e+02
1.599099273681640625e+02
1.825705413818359375e+02
1.622103729248046875e+02
1.443763885498046875e+02
1.492914428710937500e+02
1.904515838623046875e+02
1.847488098144531250e+02
1.498253173828125000e+02
1.504587554931640625e+02
1.936575622558593750e+02
1.740331726074218750e+02
1.419483184814453125e+02
1.639279785156250000e+02
2.080637207031250000e+02
1.604239654541015625e+02
1.421485137939453125e+02
1.631095886230468750e+02
1.680220336914062500e+02
1.482688140869140625e+02
1.373137969970703125e+02
1.478907165527343750e+02
1.519692382812500000e+02
1.526794281005859375e+02
1.432445678710937500e+02
1.415479125976562500e+02
1.432533721923828125e+02
1.800017700195312500e+02
1.741224060058593750e+02
1.477009124755859375e+02
1.413580169677734375e+02
1.618127746582031250e+02
1.715788574218750000e+02
1.504348144531250000e+02
1.368811187744140625e+02
1.461752777099609375e+02
1.504446868896484375e+02
1.423730773925781250e+02
1.409991455078125000e+02
1.375435791015625000e+02
1.353644866943359375e+02
1.581135864257812500e+02
1.738345184326171875e+02
1.560251464843750000e+02
1.383531799316406250e+02
1.359665222167968750e+02
1.387435607910156250e+02
1.471098480224609375e+02
1.487553710937500000e+02
1.507099914550781250e+02
1.375860900878906250e+02
1.351859283447265625e+02
1.290024719238281250e+02
1.438256835937500000e+02
1.567446289062500000e+02
1.605180664062500000e+02
1.453565368652343750e+02
1.364561004638671875e+02
1.360531311035156250e+02
1.410004882812500000e+02
1.553257751464843750e+02
1.589211120605468750e+02
1.453771362304687500e+02
1.349379119873046875e+02
1.367091827392578125e+02
1.515361480712890625e+02
1.670982666015625000e+02
1.512291717529296875e+02
1.365411529541015625e+02
1.316004791259765625e+02
1.317633819580078125e+02
1.330580596923828125e+02
1.332346343994140625e+02
1.401575622558593750e+02
1.527467651367187500e+02
1.560205993652343750e+02
1.416380767822265625e+02
1.333958435058593750e+02
1.326676788330078125e+02
1.316414184570312500e+02
1.363501586914062500e+02
1.520998687744140625e+02
1.544915618896484375e+02
1.397232208251953125e+02
1.328414459228515625e+02
1.332387084960937500e+02
1.302424468994140625e+02
1.321881866455078125e+02
1.525093994140625000e+02
1.691128692626953125e+02
1.578909454345703125e+02
1.372154388427734375e+02
1.319824371337890625e+02
1.360120086669921875e+02
1.485424194335937500e+02
1.556135101318359375e+02
1.386017913818359375e+02
1.342194671630859375e+02
1.349145355224609375e+02
1.374826660156250000e+02
1.363910827636718750e+02
1.348392639160156250e+02
1.346110382080078125e+02
1.358266754150390625e+02
1.305868225097656250e+02
1.240927352905273438e+02
1.253128509521484375e+02
1.292751617431640625e+02
1.365933685302734375e+02
1.457731628417968750e+02
1.585124664306640625e+02
1.662220458984375000e+02
1.565016021728515625e+02
1.365448760986328125e+02
1.280615997314453125e+02
1.319849548339843750e+02
1.348959350585937500e+02
1.458645629882812500e+02
1.484221191406250000e+02
1.402619781494140625e+02
1.342997894287109375e+02
1.299249420166015625e+02
1.272276916503906250e+02
1.251144256591796875e+02
1.232671356201171875e+02
1.287935638427734375e+02
1.290459899902343750e+02
1.283958129882812500e+02
1.334692687988281250e+02
1.402799377441406250e+02
1.396649475097656250e+02
1.349226531982421875e+02
1.303540496826171875e+02
1.270670471191406250e+02
1.284637756347656250e+02
1.332853546142578125e+02
1.363045196533203125e+02
1.396742706298828125e+02
1.479640502929687500e+02
1.523105773925781250e+02
1.494031982421875000e+02
1.488653106689453125e+02
1.396174011230468750e+02
1.273405303955078125e+02
1.268919906616210938e+02
1.316618194580078125e+02
1.470746612548828125e+02
1.516118164062500000e+02
1.366096191406250000e+02
1.277350082397460938e+02
1.250527343750000000e+02
1.307794036865234375e+02
1.431126556396484375e+02
1.527083282470703125e+02
1.467267303466796875e+02
1.310763244628906250e+02
1.278439102172851562e+02
1.247643737792968750e+02
1.237899093627929688e+02
1.250029678344726562e+02
1.311815643310546875e+02
1.456050720214843750e+02
1.565070953369140625e+02
1.566971740722656250e+02
1.322519073486328125e+02
1.291956176757812500e+02
1.198164367675781250e+02
1.266451644897460938e+02
1.249655532836914062e+02
1.303332977294921875e+02
1.362857818603515625e+02
1.437618713378906250e+02
1.461358337402343750e+02
1.437676391601562500e+02
1.293788604736328125e+02
1.230504684448242188e+02
1.270251007080078125e+02
1.526237640380859375e+02
1.559692687988281250e+02
1.417398376464843750e+02
1.218085708618164062e+02
1.208479309082031250e+02
1.291410980224609375e+02
1.472716217041015625e+02
1.536104888916015625e+02
1.485203399658203125e+02
1.351781616210937500e+02
1.304713287353515625e+02
1.231813507080078125e+02
1.220309295654296875e+02
1.224068145751953125e+02
1.198988342285156250e+02
1.221070480346679688e+02
1.231488952636718750e+02
1.226891632080078125e+02
1.302369232177734375e+02
1.384590606689453125e+02
1.425643005371093750e+02
1.452014923095703125e+02
1.429873046875000000e+02
1.349963378906250000e+02
1.249611892700195312e+02
1.223545684814453125e+02
1.232182006835937500e+02
1.285688018798828125e+02
1.441565551757812500e+02
1.515225982666015625e+02
1.397383728027343750e+02
1.243509368896484375e+02
1.220530395507812500e+02
1.352105407714843750e+02
1.569597625732421875e+02
1.403247985839843750e+02
1.313950805664062500e+02
1.231946563720703125e+02
1.212696151733398438e+02
1.238247833251953125e+02
1.279874191284179688e+02
1.353041229248046875e+02
1.288881530761718750e+02
1.373203887939453125e+02
1.320525207519531250e+02
1.310735473632812500e+02
1.224928894042968750e+02
1.185162200927734375e+02
1.202787780761718750e+02
1.256784591674804688e+02
1.437954711914062500e+02
1.492459716796875000e+02
1.496433105468750000e+02
1.304654998779296875e+02
1.248358383178710938e+02
1.222111206054687500e+02
1.356806945800781250e+02
1.603545532226562500e+02
1.574191894531250000e+02
1.336862640380859375e+02
1.275648040771484375e+02
1.194976654052734375e+02
1.270966033935546875e+02
1.345735473632812500e+02
1.426360168457031250e+02
1.406458740234375000e+02
1.324218292236328125e+02
1.225031204223632812e+02
1.219704132080078125e+02
1.181035919189453125e+02
1.247302398681640625e+02
1.200517883300781250e+02
1.207464294433593750e+02
1.182383728027343750e+02
1.196488876342773438e+02
1.180004425048828125e+02
1.203457412719726562e+02
1.220654907226562500e+02
1.298654327392578125e+02
1.486081848144531250e+02
1.556884918212890625e+02
1.360628662109375000e+02
1.198364486694335938e+02
1.194344635009765625e+02
1.218165435791015625e+02
1.360697479248046875e+02
1.518202362060546875e+02
1.487424926757812500e+02
1.285669555664062500e+02
1.180623397827148438e+02
1.303178710937500000e+02
1.412012023925781250e+02
1.407538299560546875e+02
1.264371032714843750e+02
1.232953033447265625e+02
1.230539169311523438e+02
1.330844879150390625e+02
1.426359405517578125e+02
1.421414184570312500e+02
1.341554107666015625e+02
1.220551757812500000e+02
1.173075866699218750e+02
1.248034744262695312e+02
1.352822265625000000e+02
1.406526794433593750e+02
1.318408660888671875e+02
1.210589218139648438e+02
1.211339340209960938e+02
1.216766204833984375e+02
1.419819641113281250e+02
1.499419097900390625e+02
1.374211425781250000e+02
1.220405349731445312e+02
1.203701095581054688e+02
1.174932327270507812e+02
1.231565933227539062e+02
1.327854156494140625e+02
1.488946685791015625e+02
1.414603881835937500e+02
1.246043319702148438e+02
1.180010452270507812e+02
1.152929000854492188e+02
1.275876312255859375e+02
1.333751831054687500e+02
1.327247161865234375e+02
1.310385131835937500e+02
1.190463562011718750e+02
1.155833206176757812e+02
1.293490447998046875e+02
1.515975036621093750e+02
1.528862762451171875e+02
1.272700195312500000e+02
1.169225006103515625e+02
1.299763183593750000e+02
1.468674011230468750e+02
1.493930664062500000e+02
1.293254699707031250e+02
1.136122741699218750e+02
1.218711547851562500e+02
1.400718231201171875e+02
1.426181640625000000e+02
1.277080230712890625e+02
1.194570312500000000e+02
1.239119033813476562e+02
1.361570434570312500e+02
1.450657348632812500e+02
1.334810180664062500e+02
1.208515014648437500e+02
1.196862106323242188e+02
1.261648864746093750e+02
1.265155944824218750e+02
1.277113952636718750e+02
1.216006774902343750e+02
1.138820495605468750e+02
1.125266265869140625e+02
1.217639389038085938e+02
1.365187530517578125e+02
1.425625000000000000e+02
1.347526397705078125e+02
1.207320632934570312e+02
1.154696960449218750e+02
1.179065246582031250e+02
1.203415069580078125e+02
1.217147445678710938e+02
1.222905044555664062e+02
1.182584838867187500e+02
1.172217864990234375e+02
1.136508026123046875e+02
1.179084167480468750e+02
1.217230377197265625e+02
1.289366607666015625e+02
1.343761749267578125e+02
1.309973297119140625e+02
1.232955245971679688e+02
1.189619216918945312e+02
1.116937408447265625e+02
1.130965423583984375e+02
1.173179626464843750e+02
1.224128341674804688e+02
1.284003753662109375e+02
1.364884033203125000e+02
1.273229370117187500e+02
1.156048431396484375e+02
1.145577545166015625e+02
1.112446136474609375e+02
1.132619018554687500e+02
1.194088973999023438e+02
1.268865966796875000e+02
1.240788879394531250e+02
1.296966400146484375e+02
1.286662750244140625e+02
1.224935684204101562e+02
1.163916549682617188e+02
1.107221908569335938e+02
1.124593811035156250e+02
1.119535980224609375e+02
1.143214111328125000e+02
1.208601531982421875e+02
1.328113250732421875e+02
1.350431365966796875e+02
1.341889648437500000e+02
1.219867858886718750e+02
1.120888366699218750e+02
1.177834777832031250e+02
1.383010711669921875e+02
1.583083801269531250e+02
1.368294372558593750e+02
1.185615539550781250e+02
1.115257644653320312e+02
1.213762054443359375e+02
1.297229309082031250e+02
1.330315093994140625e+02
1.260424957275390625e+02
1.163919143676757812e+02
1.219695510864257812e+02
1.403649291992187500e+02
1.468259582519531250e+02
1.304698486328125000e+02
1.140769195556640625e+02
1.198255310058593750e+02
1.290726318359375000e+02
1.465954895019531250e+02
1.321936492919921875e+02
1.235821990966796875e+02
1.132085189819335938e+02
1.106773605346679688e+02
1.140386962890625000e+02
1.117160720825195312e+02
1.167150878906250000e+02
1.125445785522460938e+02
1.115733871459960938e+02
1.090582885742187500e+02
1.125064392089843750e+02
1.170798034667968750e+02
1.206414794921875000e+02
1.352080078125000000e+02
1.425066070556640625e+02
1.250341873168945312e+02
1.101433639526367188e+02
1.125349578857421875e+02
1.191378479003906250e+02
1.354216613769531250e+02
1.437068634033203125e+02
1.273483657836914062e+02
1.130188293457031250e+02
1.159016799926757812e+02
1.276736907958984375e+02
1.398394165039062500e+02
1.205769271850585938e+02
1.129275436401367188e+02
1.130760650634765625e+02
1.215115585327148438e+02
1.517301940917968750e+02
1.458253021240234375e+02
1.221661987304687500e+02
1.144169921875000000e+02
1.331347656250000000e+02
1.479802703857421875e+02
1.318102569580078125e+02
1.170273742675781250e+02
1.153538742065429688e+02
1.223425674438476562e+02
1.268096084594726562e+02
1.213774642944335938e+02
1.117724075317382812e+02
1.100952148437500000e+02
1.141000976562500000e+02
1.113741302490234375e+02
1.102588424682617188e+02
1.129913482666015625e+02
1.106853103637695312e+02
1.133201293945312500e+02
1.163537826538085938e+02
1.191563568115234375e+02
1.290270233154296875e+02
1.266460800170898438e+02
1.233077087402343750e+02
1.148846664428710938e+02
1.137567367553710938e+02
1.094402923583984375e+02
1.082041168212890625e+02
1.093213577270507812e+02
1.142023696899414062e+02
1.196494064331054688e+02
1.228422470092773438e+02
1.193779754638671875e+02
1.142547378540039062e+02
1.172500991821289062e+02
1.075061492919921875e+02
1.065475311279296875e+02
3.386742187500000000e+04
2.436122436523437500e+02
2.036758575439453125e+02
1.861321716308593750e+02
2.089923248291015625e+02
1.243863983154296875e+02
2.160104980468750000e+02
1.571547241210937500e+02
9.786804199218750000e+01
1.500653228759765625e+02
2.621970825195312500e+02
1.772689208984375000e+02
2.290151977539062500e+02
1.611412353515625000e+02
2.409111328125000000e+02
4.731473083496093750e+02
2.998375244140625000e+02
2.872709655761718750e+02
2.382535095214843750e+02
2.424972229003906250e+02
2.769450988769531250e+02
4.119767456054687500e+02
1.015150329589843750e+03
2.879625854492187500e+02
3.227570495605468750e+02
4.744141235351562500e+02
2.963203735351562500e+02
3.559401245117187500e+02
5.125417480468750000e+02
3.366347961425781250e+02
4.237846679687500000e+02
4.312433166503906250e+02
3.576365966796875000e+02
3.435916137695312500e+02
3.762231750488281250e+02
3.928685913085937500e+02
4.398419799804687500e+02
3.772678527832031250e+02
3.614513549804687500e+02
4.277431945800781250e+02
4.024088745117187500e+02
6.550102539062500000e+02
5.423507690429687500e+02
5.370360107421875000e+02
6.152863159179687500e+02
3.724354858398437500e+02
3.783495788574218750e+02
5.195869140625000000e+02
4.886887512207031250e+02
4.339247436523437500e+02
4.611443786621093750e+02
6.379011230468750000e+02
5.260368652343750000e+02
5.848124389648437500e+02
4.036586914062500000e+02
4.299589843750000000e+02
5.274682006835937500e+02
6.637125854492187500e+02
5.531131591796875000e+02
6.593872070312500000e+02
5.568221435546875000e+02
6.449489746093750000e+02
5.421610107421875000e+02
4.650522155761718750e+02
4.502498779296875000e+02
5.841816406250000000e+02
4.619911499023437500e+02
6.846466064453125000e+02
5.530639648437500000e+02
5.080491638183593750e+02
7.315301513671875000e+02
5.244164428710937500e+02
5.765495605468750000e+02
5.940075683593750000e+02
5.952060546875000000e+02
5.658248901367187500e+02
6.719372558593750000e+02
8.093647460937500000e+02
9.130703125000000000e+02
4.594942932128906250e+02
6.952548828125000000e+02
5.608914794921875000e+02
7.991602783203125000e+02
7.080836791992187500e+02
5.428449707031250000e+02
5.229882812500000000e+02
6.621131591796875000e+02
5.953715820312500000e+02
6.491931152343750000e+02
7.938800048828125000e+02
6.565913696289062500e+02
6.790955810546875000e+02
1.049792480468750000e+03
5.245964965820312500e+02
7.884156494140625000e+02
4.962670593261718750e+02
6.733515625000000000e+02
7.573673095703125000e+02
8.043111572265625000e+02
6.193029785156250000e+02
6.056589355468750000e+02
6.751173095703125000e+02
7.451777343750000000e+02
1.011888854980468750e+03
7.889800415039062500e+02
8.813456420898437500e+02
6.328002929687500000e+02
6.458093261718750000e+02
8.677294921875000000e+02
6.610039672851562500e+02
7.422368164062500000e+02
8.642027587890625000e+02
6.926368408203125000e+02
8.149172363281250000e+02
7.798673706054687500e+02
6.611621093750000000e+02
7.554379882812500000e+02
6.252961425781250000e+02
7.160868530273437500e+02
7.053959960937500000e+02
1.040661621093750000e+03
8.034914550781250000e+02
7.556531372070312500e+02
8.722594604492187500e+02
6.847202148437500000e+02
1.008510620117187500e+03
7.374177246093750000e+02
6.661099853515625000e+02
7.741962890625000000e+02
8.797541503906250000e+02
8.603785400390625000e+02
9.123692626953125000e+02
8.775866699218750000e+02
7.554082031250000000e+02
6.874035644531250000e+02
1.263681884765625000e+03
8.061429443359375000e+02
7.941393432617187500e+02
8.639777832031250000e+02
8.277556152343750000e+02
9.279301147460937500e+02
8.338885498046875000e+02
9.050302734375000000e+02
8.350812988281250000e+02
8.641852416992187500e+02
7.395744018554687500e+02
9.757429809570312500e+02
8.244088745117187500e+02
8.504030151367187500e+02
7.789378662109375000e+02
9.543470458984375000e+02
1.075836914062500000e+03
1.136962890625000000e+03
7.796572265625000000e+02
1.078724121093750000e+03
9.378823242187500000e+02
7.739323730468750000e+02
9.455119628906250000e+02
1.016386474609375000e+03
1.107782470703125000e+03
9.080374755859375000e+02
8.091544189453125000e+02
9.258171386718750000e+02
1.047333007812500000e+03
9.750275268554687500e+02
1.028760131835937500e+03
8.160007324218750000e+02
9.795562744140625000e+02
8.053290405273437500e+02
9.297420654296875000e+02
8.994354248046875000e+02
8.467281494140625000e+02
7.570202636718750000e+02
2.396239501953125000e+03
9.951365966796875000e+02
1.089346923828125000e+03
1.179535400390625000e+03
8.725639648437500000e+02
9.685419921875000000e+02
1.014594787597656250e+03
8.032562866210937500e+02
1.280422973632812500e+03
1.464084594726562500e+03
1.133713378906250000e+03
1.158036621093750000e+03
8.825277099609375000e+02
9.964227294921875000e+02
1.003220947265625000e+03
1.120692871093750000e+03
1.068699340820312500e+03
8.652012939453125000e+02
9.093239746093750000e+02
8.886682128906250000e+02
8.955155639648437500e+02
9.267958984375000000e+02
9.034714965820312500e+02
9.745382080078125000e+02
1.028524902343750000e+03
9.245805053710937500e+02
9.052709960937500000e+02
1.126230224609375000e+03
1.032030273437500000e+03
1.004773193359375000e+03
1.152188232421875000e+03
1.318584472656250000e+03
1.029070312500000000e+03
9.464102783203125000e+02
9.337474365234375000e+02
1.241010375976562500e+03
1.101072998046875000e+03
1.015129638671875000e+03
1.121323242187500000e+03
1.048420288085937500e+03
1.127541748046875000e+03
1.109498779296875000e+03
1.316508422851562500e+03
1.265242309570312500e+03
9.828361816406250000e+02
1.151433471679687500e+03
1.062463623046875000e+03
1.050328857421875000e+03
1.070664306640625000e+03
9.893713989257812500e+02
8.502672729492187500e+02
1.109291503906250000e+03
1.087790283203125000e+03
9.897833251953125000e+02
1.140243164062500000e+03
9.365983276367187500e+02
1.085791137695312500e+03
9.162795410156250000e+02
1.373616455078125000e+03
1.232587158203125000e+03
1.145961914062500000e+03
1.089206787109375000e+03
1.162694213867187500e+03
1.472712646484375000e+03
1.522136230468750000e+03
1.061819213867187500e+03
1.026542968750000000e+03
1.260618164062500000e+03
1.171614746093750000e+03
1.170088623046875000e+03
1.435011474609375000e+03
1.090256225585937500e+03
1.055467285156250000e+03
9.750115966796875000e+02
1.204281982421875000e+03
1.003581298828125000e+03
1.126955810546875000e+03
1.191445068359375000e+03
1.268105102539062500e+03
1.127299560546875000e+03
1.083756958007812500e+03
1.248551269531250000e+03
1.160562622070312500e+03
1.012856750488281250e+03
1.087600097656250000e+03
1.065337158203125000e+03
1.164360351562500000e+03
1.111137451171875000e+03
1.180804809570312500e+03
1.126379638671875000e+03
1.077798583984375000e+03
1.157303955078125000e+03
1.117139648437500000e+03
1.107003417968750000e+03
1.302827026367187500e+03
1.108070434570312500e+03
1.281714843750000000e+03
1.182309570312500000e+03
1.187982543945312500e+03
1.417307739257812500e+03
1.027384033203125000e+03
1.355271362304687500e+03
1.121802246093750000e+03
1.190372558593750000e+03
1.176155151367187500e+03
1.101196899414062500e+03
1.171347167968750000e+03
1.228929809570312500e+03
1.181477539062500000e+03
1.091432739257812500e+03
1.397042968750000000e+03
1.222012939453125000e+03
1.726713378906250000e+03
1.092734130859375000e+03
1.441304077148437500e+03
1.079008300781250000e+03
1.188443359375000000e+03
1.126213134765625000e+03
1.121964721679687500e+03
1.994883056640625000e+03
1.251522338867187500e+03
1.347790283203125000e+03
1.186264892578125000e+03
1.471600097656250000e+03
1.177405517578125000e+03
1.171378906250000000e+03
1.387514648437500000e+03
2.387791748046875000e+03
1.491500000000000000e+03
1.671191650390625000e+03
1.130119628906250000e+03
1.258181152343750000e+03
1.259786376953125000e+03
1.137404174804687500e+03
1.463589477539062500e+03
1.534127441406250000e+03
1.424778076171875000e+03
1.170052734375000000e+03
1.297410644531250000e+03
1.305917968750000000e+03
1.399840820312500000e+03
1.536307373046875000e+03
1.130356811523437500e+03
2.773696289062500000e+03
1.496293212890625000e+03
1.372393066406250000e+03
1.147724243164062500e+03
1.124407226562500000e+03
1.287030273437500000e+03
1.428003540039062500e+03
1.424573730468750000e+03
1.233790283203125000e+03
1.405444702148437500e+03
1.224634155273437500e+03
1.472444702148437500e+03
1.235799316406250000e+03
1.299440551757812500e+03
1.363609130859375000e+03
1.177125000000000000e+03
1.363522949218750000e+03
1.425655517578125000e+03
1.576419921875000000e+03
1.530412597656250000e+03
1.567979980468750000e+03
1.281154663085937500e+03
1.505166259765625000e+03
1.268264648437500000e+03
1.320068603515625000e+03
1.281173339843750000e+03
1.556278564453125000e+03
1.604450073242187500e+03
1.282684326171875000e+03
1.474133056640625000e+03
1.223691650390625000e+03
1.428901611328125000e+03
1.436914550781250000e+03
1.177061279296875000e+03
1.440493164062500000e+03
1.288342773437500000e+03
1.350841796875000000e+03
1.260326171875000000e+03
1.382553588867187500e+03
1.563051269531250000e+03
1.318137207031250000e+03
1.375438964843750000e+03
1.430367675781250000e+03
1.373511596679687500e+03
1.324232910156250000e+03
1.648627929687500000e+03
1.512462524414062500e+03
1.353878173828125000e+03
1.708718750000000000e+03
1.217475097656250000e+03
1.537039794921875000e+03
1.307061279296875000e+03
1.407196777343750000e+03
1.287597900390625000e+03
1.277522460937500000e+03
1.645911865234375000e+03
1.433124755859375000e+03
1.264922119140625000e+03
1.271515625000000000e+03
1.362768432617187500e+03
1.628483398437500000e+03
1.199913818359375000e+03
1.345554687500000000e+03
1.400047851562500000e+03
1.527437011718750000e+03
1.373464477539062500e+03
1.488746948242187500e+03
2.030090820312500000e+03
1.439910156250000000e+03
1.440204101562500000e+03
1.443851806640625000e+03
1.697597412109375000e+03
1.458518432617187500e+03
1.385708984375000000e+03
1.361196289062500000e+03
1.475624023437500000e+03
1.583128173828125000e+03
1.399178955078125000e+03
1.337111328125000000e+03
1.568200683593750000e+03
1.383955810546875000e+03
1.462808105468750000e+03
1.444521850585937500e+03
1.448051513671875000e+03
1.542151855468750000e+03
1.364391845703125000e+03
1.500670654296875000e+03
1.480515136718750000e+03
1.508342651367187500e+03
1.463885009765625000e+03
1.426281127929687500e+03
1.406593017578125000e+03
1.498692626953125000e+03
1.360737304687500000e+03
1.308792724609375000e+03
1.431007568359375000e+03
1.487799316406250000e+03
1.431707031250000000e+03
1.596380493164062500e+03
1.345937988281250000e+03
1.492422241210937500e+03
1.614851074218750000e+03
1.286475097656250000e+03
1.486338745117187500e+03
1.549672729492187500e+03
1.653679687500000000e+03
1.693401855468750000e+03
1.769545166015625000e+03
1.364854614257812500e+03
1.547591552734375000e+03
1.727699584960937500e+03
1.405802490234375000e+03
1.661400268554687500e+03
1.520492431640625000e+03
1.591686523437500000e+03
1.540633056640625000e+03
1.736084960937500000e+03
1.503191650390625000e+03
1.639828002929687500e+03
1.762064331054687500e+03
1.678689086914062500e+03
1.480678344726562500e+03
2.869592529296875000e+03
1.647337402343750000e+03
1.516164062500000000e+03
1.498712280273437500e+03
1.610764770507812500e+03
1.601271240234375000e+03
1.563197265625000000e+03
1.754218750000000000e+03
1.399280761718750000e+03
1.589223388671875000e+03
1.842043457031250000e+03
1.517008056640625000e+03
1.585213867187500000e+03
1.617121215820312500e+03
1.489516601562500000e+03
1.827674316406250000e+03
1.450476318359375000e+03
1.592580322265625000e+03
1.461418579101562500e+03
1.518879150390625000e+03
1.836820312500000000e+03
1.420122558593750000e+03
1.800856689453125000e+03
1.469025634765625000e+03
1.368786132812500000e+03
1.592873901367187500e+03
1.425610351562500000e+03
1.713602905273437500e+03
1.497906250000000000e+03
2.134065917968750000e+03
1.464747192382812500e+03
1.748432861328125000e+03
1.598860351562500000e+03
1.590972045898437500e+03
1.765833984375000000e+03
1.430255859375000000e+03
1.455004882812500000e+03
1.638963867187500000e+03
1.664857543945312500e+03
1.490615356445312500e+03
1.544528808593750000e+03
1.458200683593750000e+03
1.449343261718750000e+03
1.640127929687500000e+03
1.541568847656250000e+03
1.493708740234375000e+03
1.720592407226562500e+03
1.706063354492187500e+03
1.873388427734375000e+03
1.706759033203125000e+03
1.957028808593750000e+03
1.566707763671875000e+03
1.903812255859375000e+03
1.763531738281250000e+03
1.417953857421875000e+03
1.810562866210937500e+03
1.777379394531250000e+03
1.521741821289062500e+03
1.711816162109375000e+03
1.568346435546875000e+03
1.888207031250000000e+03
1.901216796875000000e+03
1.577925903320312500e+03
1.686127441406250000e+03
1.802186279296875000e+03
1.508069335937500000e+03
2.388789550781250000e+03
1.986471557617187500e+03
1.813458862304687500e+03
1.943013671875000000e+03
1.729455566406250000e+03
1.943891357421875000e+03
1.728673461914062500e+03
1.510692382812500000e+03
1.797866699218750000e+03
1.544734008789062500e+03
1.806895141601562500e+03
1.480714355468750000e+03
1.664968017578125000e+03
1.662105590820312500e+03
1.919211303710937500e+03
1.730113403320312500e+03
1.497144287109375000e+03
1.469148193359375000e+03
1.747400634765625000e+03
1.525003662109375000e+03
1.596952514648437500e+03
1.504326782226562500e+03
1.566997070312500000e+03
1.885550170898437500e+03
1.561012939453125000e+03
2.702232910156250000e+03
1.570055053710937500e+03
1.652606811523437500e+03
1.668260498046875000e+03
1.717230957031250000e+03
2.146653808593750000e+03
1.654815673828125000e+03
1.552874511718750000e+03
1.569880371093750000e+03
1.795359375000000000e+03
1.742126464843750000e+03
1.614720458984375000e+03
2.097148925781250000e+03
1.585190673828125000e+03
1.788468750000000000e+03
1.622215576171875000e+03
2.073707031250000000e+03
1.541474121093750000e+03
1.815385375976562500e+03
1.739335449218750000e+03
1.702434204101562500e+03
1.699119140625000000e+03
1.703178466796875000e+03
1.547229614257812500e+03
1.893977294921875000e+03
1.612737792968750000e+03
2.007180664062500000e+03
1.613485473632812500e+03
1.801738769531250000e+03
1.781394042968750000e+03
1.788338745117187500e+03
1.660529541015625000e+03
1.970912109375000000e+03
1.894928466796875000e+03
1.739362548828125000e+03
1.853230224609375000e+03
1.508171875000000000e+03
1.888360839843750000e+03
1.697444091796875000e+03
1.694765258789062500e+03
1.684062011718750000e+03
1.904954711914062500e+03
1.561813232421875000e+03
1.738752563476562500e+03
1.817565429687500000e+03
1.863987304687500000e+03
1.818397338867187500e+03
1.683085083007812500e+03
1.900264404296875000e+03
1.752247070312500000e+03
1.659065185546875000e+03
1.558439208984375000e+03
1.807921264648437500e+03
1.875800292968750000e+03
1.683565063476562500e+03
1.782249267578125000e+03
2.204421630859375000e+03
1.577391113281250000e+03
1.674776367187500000e+03
2.017598754882812500e+03
1.764291992187500000e+03
1.950829589843750000e+03
1.910568969726562500e+03
2.011958129882812500e+03
1.829521850585937500e+03
1.887383666992187500e+03
1.789578491210937500e+03
1.727463623046875000e+03
1.666333862304687500e+03
1.695070434570312500e+03
1.869947509765625000e+03
1.852334106445312500e+03
2.011484375000000000e+03
1.649778564453125000e+03
1.693566772460937500e+03
1.733319580078125000e+03
1.792920898437500000e+03
1.745337524414062500e+03
1.699650390625000000e+03
1.509926269531250000e+03
1.848816040039062500e+03
1.726261474609375000e+03
1.617923828125000000e+03
1.876267822265625000e+03
1.843202636718750000e+03
1.915132080078125000e+03
1.633996215820312500e+03
2.145897705078125000e+03
1.809044555664062500e+03
1.935618164062500000e+03
1.671208740234375000e+03
1.530418212890625000e+03
1.836462890625000000e+03
1.547354003906250000e+03
1.813443603515625000e+03
3.119075683593750000e+03
1.944921264648437500e+03
1.844136474609375000e+03
1.839350097656250000e+03
1.749925659179687500e+03
1.958337890625000000e+03
1.826037719726562500e+03
2.032635375976562500e+03
1.813596191406250000e+03
1.976446533203125000e+03
1.629710937500000000e+03
1.945083984375000000e+03
1.688044677734375000e+03
1.672954345703125000e+03
1.781389648437500000e+03
1.988230712890625000e+03
1.918673095703125000e+03
1.859843017578125000e+03
1.709658325195312500e+03
1.846494873046875000e+03
1.902566650390625000e+03
1.925556152343750000e+03
1.759020019531250000e+03
1.721864990234375000e+03
1.849563476562500000e+03
1.797097412109375000e+03
1.811361083984375000e+03
1.708450195312500000e+03
1.841473876953125000e+03
1.766431884765625000e+03
1.903782470703125000e+03
2.060373291015625000e+03
1.972204345703125000e+03
1.609624755859375000e+03
1.738569580078125000e+03
1.857805175781250000e+03
1.811334960937500000e+03
2.045900024414062500e+03
1.629067260742187500e+03
2.030728637695312500e+03
1.872856567382812500e+03
1.829208251953125000e+03
2.306025878906250000e+03
1.768273925781250000e+03
1.675642700195312500e+03
1.819989746093750000e+03
2.013353271484375000e+03
1.898656494140625000e+03
1.667454589843750000e+03
1.807524169921875000e+03
1.839036987304687500e+03
1.922818969726562500e+03
1.974827636718750000e+03
1.879742919921875000e+03
2.220627929687500000e+03
1.774168579101562500e+03
2.245608398437500000e+03
1.790260253906250000e+03
1.842745361328125000e+03
1.872945556640625000e+03
1.778925048828125000e+03
1.976883789062500000e+03
1.857312500000000000e+03
2.024464355468750000e+03
1.886883056640625000e+03
2.163609130859375000e+03
1.943132202148437500e+03
1.995645141601562500e+03
2.054995849609375000e+03
2.684644287109375000e+03
2.983715332031250000e+03
3.176174804687500000e+03
3.204644531250000000e+03
2.785458740234375000e+03
1.984603515625000000e+03
5.388115234375000000e+03
3.477906250000000000e+03
4.162535156250000000e+03
3.445602294921875000e+03
1.697349609375000000e+04
6.443208007812500000e+03
6.913724609375000000e+03
5.924219238281250000e+03
4.426440917968750000e+03
3.372821533203125000e+03
3.659815185546875000e+03
3.013754394531250000e+03
3.954366699218750000e+03
3.970088134765625000e+03
4.055294189453125000e+03
3.910276855468750000e+03
3.634149902343750000e+03
3.452358398437500000e+03
3.795544921875000000e+03
3.286827880859375000e+03
3.224029296875000000e+03
3.145340820312500000e+03
3.014804443359375000e+03
2.771269042968750000e+03
2.826262451171875000e+03
2.908396972656250000e+03
2.665292968750000000e+03
2.739428222656250000e+03
2.669122070312500000e+03
2.964840332031250000e+03
2.599813232421875000e+03
2.648291992187500000e+03
2.455493652343750000e+03
2.308633789062500000e+03
2.597681640625000000e+03
2.363296386718750000e+03
2.384570800781250000e+03
2.345421386718750000e+03
2.190543701171875000e+03
2.393030761718750000e+03
2.612867187500000000e+03
2.273676757812500000e+03
2.307233398437500000e+03
2.462940673828125000e+03
2.387047607421875000e+03
2.315792480468750000e+03
2.259709472656250000e+03
2.435523193359375000e+03
2.204032226562500000e+03
2.297793945312500000e+03
2.165936523437500000e+03
2.133499023437500000e+03
2.378142578125000000e+03
2.154692626953125000e+03
2.281710937500000000e+03
2.385122558593750000e+03
2.308741699218750000e+03
2.053487304687500000e+03
2.159379882812500000e+03
2.329024414062500000e+03
2.027028930664062500e+03
2.087759765625000000e+03
2.460394531250000000e+03
2.185859863281250000e+03
2.183625732421875000e+03
2.275423095703125000e+03
2.062763671875000000e+03
3.702320800781250000e+03
2.231850341796875000e+03
2.014039062500000000e+03
2.096164062500000000e+03
2.446821777343750000e+03
2.211318359375000000e+03
2.114484863281250000e+03
2.414941894531250000e+03
2.070738769531250000e+03
2.308795898437500000e+03
2.103989501953125000e+03
2.072911132812500000e+03
2.159418457031250000e+03
2.428069824218750000e+03
2.333270019531250000e+03
2.195740722656250000e+03
1.956136718750000000e+03
2.253830566406250000e+03
2.825320312500000000e+03
2.132991699218750000e+03
2.294984863281250000e+03
2.070183837890625000e+03
2.327458007812500000e+03
2.028465087890625000e+03
2.133577392578125000e+03
2.065141357421875000e+03
2.019503417968750000e+03
2.108812988281250000e+03
2.204782958984375000e+03
2.146916992187500000e+03
2.400262451171875000e+03
2.030057861328125000e+03
1.989868652343750000e+03
2.279024169921875000e+03
2.296256591796875000e+03
2.145764160156250000e+03
2.314232910156250000e+03
2.305611328125000000e+03
2.073917480468750000e+03
2.015440917968750000e+03
2.437511718750000000e+03
2.294830078125000000e+03
2.110434082031250000e+03
2.185353515625000000e+03
2.199793701171875000e+03
2.051143066406250000e+03
2.123300781250000000e+03
2.055000244140625000e+03
2.138053466796875000e+03
2.228122802734375000e+03
2.336323242187500000e+03
2.197645751953125000e+03
2.005133056640625000e+03
2.135184570312500000e+03
3.684890136718750000e+03
2.336319824218750000e+03
2.112995849609375000e+03
2.251554687500000000e+03
2.235209472656250000e+03
2.213648437500000000e+03
2.043423828125000000e+03
2.117754150390625000e+03
2.044508666992187500e+03
2.105464355468750000e+03
2.131194335937500000e+03
2.144766113281250000e+03
2.073835937500000000e+03
2.300791992187500000e+03
2.116016357421875000e+03
2.053205566406250000e+03
2.320068603515625000e+03
1.953636108398437500e+03
2.083676269531250000e+03
2.339237792968750000e+03
2.291362792968750000e+03
2.286247558593750000e+03
2.299958496093750000e+03
2.193434570312500000e+03
2.294319335937500000e+03
2.271101074218750000e+03
2.156480468750000000e+03
2.322903320312500000e+03
2.432563476562500000e+03
2.205875000000000000e+03
2.652550781250000000e+03
2.158358398437500000e+03
2.185531738281250000e+03
2.510094726562500000e+03
2.020359130859375000e+03
2.269921875000000000e+03
2.187635253906250000e+03
2.195847656250000000e+03
2.306999755859375000e+03
2.129755859375000000e+03
2.444957519531250000e+03
2.125202148437500000e+03
2.140111816406250000e+03
2.372364990234375000e+03
2.269192871093750000e+03
2.513423095703125000e+03
2.099776367187500000e+03
2.108670654296875000e+03
2.350671386718750000e+03
2.584335449218750000e+03
2.311218994140625000e+03
2.213333496093750000e+03
2.083871826171875000e+03
2.256756835937500000e+03
2.124082275390625000e+03
2.170453125000000000e+03
2.258062988281250000e+03
2.179177734375000000e+03
2.285968261718750000e+03
2.383044433593750000e+03
2.083201416015625000e+03
2.326253417968750000e+03
2.348244384765625000e+03
2.220378417968750000e+03
2.407536621093750000e+03
2.591771972656250000e+03
2.280295898437500000e+03
2.271400878906250000e+03
2.097324218750000000e+03
2.390756347656250000e+03
2.222437500000000000e+03
2.315261962890625000e+03
2.384667724609375000e+03
2.253428222656250000e+03
2.255433837890625000e+03
2.260166015625000000e+03
4.388600585937500000e+03
2.220458007812500000e+03
2.296336914062500000e+03
2.507406005859375000e+03
2.809130371093750000e+03
2.344353271484375000e+03
2.168353515625000000e+03
2.228853515625000000e+03
2.208934570312500000e+03
2.206938964843750000e+03
2.203675048828125000e+03
2.197966796875000000e+03
2.391929687500000000e+03
2.196977050781250000e+03
2.335809082031250000e+03
3.290649414062500000e+03
2.303749023437500000e+03
2.311922363281250000e+03
2.227333007812500000e+03
2.335547851562500000e+03
2.150158935546875000e+03
2.113765380859375000e+03
2.033797851562500000e+03
2.093466796875000000e+03
2.385922851562500000e+03
2.176802978515625000e+03
2.093469238281250000e+03
2.136577148437500000e+03
2.461850830078125000e+03
2.312924316406250000e+03
2.225546386718750000e+03
2.188553222656250000e+03
2.528921875000000000e+03
2.133504882812500000e+03
2.239789550781250000e+03
2.153947265625000000e+03
2.271577148437500000e+03
2.038103027343750000e+03
2.469777587890625000e+03
2.249865722656250000e+03
2.245691406250000000e+03
2.326528564453125000e+03
2.099598632812500000e+03
2.405818847656250000e+03
2.199515136718750000e+03
2.287709716796875000e+03
2.094490234375000000e+03
2.249484619140625000e+03
2.558784179687500000e+03
2.076588378906250000e+03
2.112640625000000000e+03
2.299216064453125000e+03
2.248073730468750000e+03
2.326399169921875000e+03
2.443551757812500000e+03
3.173129394531250000e+03
2.130236572265625000e+03
2.292338867187500000e+03
2.217112792968750000e+03
2.436708496093750000e+03
2.281062255859375000e+03
2.289032714843750000e+03
2.325610351562500000e+03
2.300713378906250000e+03
2.068974853515625000e+03
2.258325195312500000e+03
2.975339355468750000e+03
2.285568847656250000e+03
2.359052734375000000e+03
2.163286621093750000e+03
2.090698730468750000e+03
2.227793945312500000e+03
2.316942626953125000e+03
2.460360595703125000e+03
2.222323974609375000e+03
2.374517089843750000e+03
2.436327880859375000e+03
2.141608642578125000e+03
2.545826660156250000e+03
2.259362060546875000e+03
2.649911865234375000e+03
2.458017578125000000e+03
2.286051269531250000e+03
2.183002441406250000e+03
2.378405273437500000e+03
2.195337402343750000e+03
2.639695800781250000e+03
2.364264648437500000e+03
2.343966796875000000e+03
2.451666992187500000e+03
2.234006591796875000e+03
2.569888427734375000e+03
2.269365966796875000e+03
2.628032226562500000e+03
2.478511230468750000e+03
2.425819824218750000e+03
2.066949707031250000e+03
2.240580566406250000e+03
2.135045166015625000e+03
2.211293701171875000e+03
2.286773925781250000e+03
2.490616210937500000e+03
2.445590087890625000e+03
2.183458007812500000e+03
2.911302001953125000e+03
2.487936279296875000e+03
2.617767578125000000e+03
2.345021484375000000e+03
2.262600097656250000e+03
2.417078125000000000e+03
2.319985107421875000e+03
2.370396240234375000e+03
2.311517578125000000e+03
2.190309082031250000e+03
2.495251953125000000e+03
2.548101806640625000e+03
2.490914062500000000e+03
2.530384521484375000e+03
2.155183837890625000e+03
2.521358398437500000e+03
2.271407714843750000e+03
2.264599121093750000e+03
2.829072021484375000e+03
2.556202636718750000e+03
2.389427978515625000e+03
2.155900390625000000e+03
2.467660156250000000e+03
2.458779785156250000e+03
2.405277587890625000e+03
2.396928222656250000e+03
2.404331787109375000e+03
2.177452880859375000e+03
2.359200195312500000e+03
2.365706787109375000e+03
2.346034912109375000e+03
2.285666748046875000e+03
2.223726074218750000e+03
2.464149414062500000e+03
2.280979980468750000e+03
2.356539550781250000e+03
3.038492187500000000e+03
2.297473876953125000e+03
2.401070800781250000e+03
2.527873779296875000e+03
2.148841796875000000e+03
2.298301513671875000e+03
2.449113281250000000e+03
2.140157226562500000e+03
2.308329101562500000e+03
2.487060546875000000e+03
2.647127441406250000e+03
2.534069091796875000e+03
2.423047851562500000e+03
2.291915527343750000e+03
2.674315429687500000e+03
2.393732421875000000e+03
2.334085205078125000e+03
2.482794921875000000e+03
2.547923828125000000e+03
2.504678222656250000e+03
2.243161621093750000e+03
2.422031738281250000e+03
2.665302734375000000e+03
3.246152832031250000e+03
2.288451660156250000e+03
2.328690917968750000e+03
2.259392089843750000e+03
2.253883300781250000e+03
2.291214355468750000e+03
2.466302246093750000e+03
2.358887695312500000e+03
2.308129394531250000e+03
2.888571533203125000e+03
2.403593261718750000e+03
2.368060791015625000e+03
2.265906250000000000e+03
2.445266113281250000e+03
2.557013671875000000e+03
2.325125488281250000e+03
2.374112792968750000e+03
2.490830078125000000e+03
2.550278808593750000e+03
2.378012695312500000e+03
2.365737548828125000e+03
2.349303710937500000e+03
2.296117187500000000e+03
2.401047119140625000e+03
2.296460205078125000e+03
2.891648925781250000e+03
2.345698974609375000e+03
2.615699707031250000e+03
2.573698730468750000e+03
2.524464599609375000e+03
2.433522216796875000e+03
nan
2.292324951171875000e+03
3.142976318359375000e+03
2.865440917968750000e+03
2.474882324218750000e+03
2.510836425781250000e+03
2.325775878906250000e+03
2.493665039062500000e+03
2.337374755859375000e+03
2.320721435546875000e+03
2.229783447265625000e+03
2.493103515625000000e+03
2.315524902343750000e+03
2.908197265625000000e+03
2.493629394531250000e+03
2.358299804687500000e+03
2.243079345703125000e+03
2.259103027343750000e+03
2.295146972656250000e+03
2.167804443359375000e+03
2.557829345703125000e+03
2.500959960937500000e+03
2.363564941406250000e+03
2.298419189453125000e+03
2.387697753906250000e+03
2.384766601562500000e+03
2.301253662109375000e+03
2.454525390625000000e+03
2.388843750000000000e+03
2.440708007812500000e+03
2.500838867187500000e+03
2.534884765625000000e+03
2.422277343750000000e+03
2.385254882812500000e+03
2.451379394531250000e+03
2.690320800781250000e+03
2.363176269531250000e+03
2.612134277343750000e+03
2.436447998046875000e+03
2.601122558593750000e+03
2.370387695312500000e+03
2.474588867187500000e+03
2.739787841796875000e+03
2.335982910156250000e+03
2.609088867187500000e+03
2.538425292968750000e+03
2.684182128906250000e+03
2.479937988281250000e+03
2.536394531250000000e+03
2.622812988281250000e+03
2.586051513671875000e+03
2.436049316406250000e+03
2.445511230468750000e+03
2.666131591796875000e+03
2.304156738281250000e+03
2.510283203125000000e+03
2.402225585937500000e+03
2.265604003906250000e+03
2.413622070312500000e+03
2.449167724609375000e+03
2.443317382812500000e+03
2.474404296875000000e+03
2.543643554687500000e+03
2.375373046875000000e+03
2.540105957031250000e+03
2.729970703125000000e+03
2.592242919921875000e+03
2.408736328125000000e+03
2.606211914062500000e+03
2.428183349609375000e+03
2.440037597656250000e+03
2.605193847656250000e+03
2.661674072265625000e+03
2.496335693359375000e+03
2.338666992187500000e+03
2.344949707031250000e+03
2.481843261718750000e+03
2.371463867187500000e+03
2.355435791015625000e+03
2.368714355468750000e+03
2.470534912109375000e+03
2.404446044921875000e+03
3.099772460937500000e+03
2.314464843750000000e+03
3.360140625000000000e+03
2.581714843750000000e+03
2.495930175781250000e+03
2.393041015625000000e+03
2.714167724609375000e+03
2.478407714843750000e+03
2.897238281250000000e+03
2.511638671875000000e+03
2.335288574218750000e+03
2.390537597656250000e+03
2.698218505859375000e+03
2.441742187500000000e+03
2.327104980468750000e+03
2.376402832031250000e+03
3.121462158203125000e+03
2.652305175781250000e+03
2.462035400390625000e+03
2.509207763671875000e+03
2.478457031250000000e+03
2.461756103515625000e+03
2.594473632812500000e+03
2.501320800781250000e+03
2.178330810546875000e+03
2.475333984375000000e+03
2.493020996093750000e+03
2.321535644531250000e+03
2.611367919921875000e+03
2.458598144531250000e+03
2.397181152343750000e+03
2.362926269531250000e+03
3.043761230468750000e+03
2.552636230468750000e+03
2.491250488281250000e+03
2.285302978515625000e+03
2.388704833984375000e+03
2.370807861328125000e+03
2.477831542968750000e+03
2.659121093750000000e+03
2.603267578125000000e+03
2.322849365234375000e+03
2.713477050781250000e+03
2.646276367187500000e+03
2.467683837890625000e+03
2.232206542968750000e+03
2.422024414062500000e+03
2.495516357421875000e+03
2.614597900390625000e+03
2.404031250000000000e+03
2.538785644531250000e+03
2.527816406250000000e+03
2.521841796875000000e+03
2.505380859375000000e+03
2.383836425781250000e+03
2.361338134765625000e+03
2.479751220703125000e+03
2.589481933593750000e+03
2.471975830078125000e+03
2.446275878906250000e+03
2.431723144531250000e+03
2.634937988281250000e+03
2.441416503906250000e+03
2.734354492187500000e+03
2.585467529296875000e+03
2.594481933593750000e+03
2.514583251953125000e+03
2.545000488281250000e+03
2.439361816406250000e+03
2.595339111328125000e+03
2.626608886718750000e+03
2.460077392578125000e+03
2.402160400390625000e+03
2.478113281250000000e+03
2.836163818359375000e+03
2.949420654296875000e+03
2.304967773437500000e+03
2.755404541015625000e+03
3.144092773437500000e+03
3.582491210937500000e+03
3.649080566406250000e+03
3.003187988281250000e+03
2.419581054687500000e+03
9.223952148437500000e+03
7.112712402343750000e+03
1.167765039062500000e+04
1.432408007812500000e+04
1.548596875000000000e+04
1.568714648437500000e+04
1.494694921875000000e+04
1.370331445312500000e+04
1.192827929687500000e+04
9.819732421875000000e+03
7.814939941406250000e+03
6.221853515625000000e+03
6.888118652343750000e+03
4.603967285156250000e+03
4.788507812500000000e+03
4.443100585937500000e+03
4.169381347656250000e+03
4.636160644531250000e+03
4.609553710937500000e+03
4.308313964843750000e+03
4.403081054687500000e+03
3.983699951171875000e+03
3.763032958984375000e+03
3.530708251953125000e+03
3.723550781250000000e+03
3.354077636718750000e+03
3.417938476562500000e+03
3.727232421875000000e+03
3.356550537109375000e+03
3.440705322265625000e+03
3.306803222656250000e+03
3.070947265625000000e+03
3.259349365234375000e+03
3.153960449218750000e+03
3.114021484375000000e+03
3.041061523437500000e+03
3.100739746093750000e+03
2.970392578125000000e+03
3.074501464843750000e+03
3.162686523437500000e+03
3.086410156250000000e+03
2.975926757812500000e+03
3.311917480468750000e+03
3.239885009765625000e+03
2.843908691406250000e+03
2.830845703125000000e+03
2.936771240234375000e+03
3.084648193359375000e+03
2.903791503906250000e+03
3.000603271484375000e+03
2.939038330078125000e+03
3.238442871093750000e+03
2.834771972656250000e+03
2.777315673828125000e+03
2.934404785156250000e+03
2.954434082031250000e+03
2.712370117187500000e+03
3.208335449218750000e+03
2.810888427734375000e+03
2.968612060546875000e+03
2.739645507812500000e+03
3.001768554687500000e+03
2.896229003906250000e+03
2.818815429687500000e+03
2.943466796875000000e+03
2.731612792968750000e+03
2.814871582031250000e+03
2.983780517578125000e+03
3.032168945312500000e+03
2.825811523437500000e+03
3.121435302734375000e+03
2.759464843750000000e+03
2.628311035156250000e+03
3.023876953125000000e+03
3.095445800781250000e+03
3.087586425781250000e+03
2.641512695312500000e+03
3.010174560546875000e+03
2.943168945312500000e+03
2.866100341796875000e+03
3.510355468750000000e+03
2.734103027343750000e+03
2.816378417968750000e+03
2.932172607421875000e+03
2.800896484375000000e+03
2.562899658203125000e+03
2.673797363281250000e+03
2.742747070312500000e+03
2.786233154296875000e+03
2.895829833984375000e+03
2.577388183593750000e+03
2.980917480468750000e+03
2.620459960937500000e+03
3.029031738281250000e+03
2.909119140625000000e+03
2.890671386718750000e+03
2.929712402343750000e+03
2.840065429687500000e+03
3.062104492187500000e+03
3.067350585937500000e+03
2.499528076171875000e+03
2.792418945312500000e+03
2.751769775390625000e+03
2.909378906250000000e+03
2.850754638671875000e+03
2.881902832031250000e+03
2.692202880859375000e+03
2.648576660156250000e+03
2.821290527343750000e+03
2.524262695312500000e+03
2.954008789062500000e+03
2.722945800781250000e+03
2.993382568359375000e+03
2.946953613281250000e+03
3.078352050781250000e+03
2.765217529296875000e+03
3.128588623046875000e+03
2.699184082031250000e+03
2.683648437500000000e+03
2.769357177734375000e+03
2.783440917968750000e+03
2.741284912109375000e+03
3.163354003906250000e+03
2.862216308593750000e+03
2.795199218750000000e+03
2.666374511718750000e+03
3.103102294921875000e+03
2.709132568359375000e+03
2.683501953125000000e+03
2.606445312500000000e+03
2.865502197265625000e+03
3.063016357421875000e+03
2.881255859375000000e+03
2.627303222656250000e+03
2.805388183593750000e+03
2.834497314453125000e+03
2.605995605468750000e+03
3.070934814453125000e+03
2.949197265625000000e+03
2.797065429687500000e+03
2.677910156250000000e+03
2.972199218750000000e+03
2.906526855468750000e+03
2.838188964843750000e+03
2.913910156250000000e+03
2.897087402343750000e+03
2.804965576171875000e+03
2.955742675781250000e+03
2.912152832031250000e+03
2.845778076171875000e+03
2.839423583984375000e+03
2.783993896484375000e+03
3.017845703125000000e+03
2.587893310546875000e+03
2.647164794921875000e+03
2.536437011718750000e+03
3.067531250000000000e+03
2.900213867187500000e+03
2.912983154296875000e+03
2.823916503906250000e+03
2.923834228515625000e+03
2.750944580078125000e+03
2.936020507812500000e+03
2.660269287109375000e+03
2.811427734375000000e+03
2.735653076171875000e+03
2.862882324218750000e+03
2.673101562500000000e+03
2.805325439453125000e+03
2.697402832031250000e+03
2.680942382812500000e+03
3.107341308593750000e+03
2.886996337890625000e+03
2.969543945312500000e+03
2.798171875000000000e+03
2.751457275390625000e+03
2.936821777343750000e+03
2.829576660156250000e+03
2.849554687500000000e+03
2.744221191406250000e+03
2.820318359375000000e+03
2.818351074218750000e+03
2.693591308593750000e+03
2.605823242187500000e+03
2.760312500000000000e+03
3.039116210937500000e+03
2.924073486328125000e+03
2.787779785156250000e+03
4.955248046875000000e+03
2.958275146484375000e+03
2.999248046875000000e+03
3.034725830078125000e+03
2.859681884765625000e+03
2.750145751953125000e+03
2.607427734375000000e+03
2.882064941406250000e+03
2.771710205078125000e+03
2.845518798828125000e+03
2.904483398437500000e+03
3.092893066406250000e+03
2.759488525390625000e+03
2.679097656250000000e+03
2.957669921875000000e+03
2.772915527343750000e+03
2.837299560546875000e+03
2.734806152343750000e+03
2.837823730468750000e+03
2.672919433593750000e+03
3.094569335937500000e+03
2.830702148437500000e+03
2.639146484375000000e+03
2.544293945312500000e+03
2.887485351562500000e+03
2.846441406250000000e+03
2.919598144531250000e+03
2.779654296875000000e+03
2.782858886718750000e+03
2.982916503906250000e+03
2.774611328125000000e+03
2.759337402343750000e+03
2.894415039062500000e+03
2.663566650390625000e+03
2.763162841796875000e+03
2.971913818359375000e+03
2.636341308593750000e+03
2.699345214843750000e+03
2.558965087890625000e+03
2.898300537109375000e+03
3.278707519531250000e+03
3.076245117187500000e+03
2.646047363281250000e+03
2.789525878906250000e+03
3.100656005859375000e+03
2.820448730468750000e+03
2.763368652343750000e+03
2.801950683593750000e+03
2.805157470703125000e+03
2.865502929687500000e+03
2.721539550781250000e+03
2.814642578125000000e+03
2.681154541015625000e+03
2.787568359375000000e+03
2.767560546875000000e+03
2.913371582031250000e+03
2.816375244140625000e+03
2.803510742187500000e+03
2.672113037109375000e+03
2.721536621093750000e+03
2.742205566406250000e+03
2.802100097656250000e+03
2.800845947265625000e+03
2.826007324218750000e+03
2.923750000000000000e+03
3.033716308593750000e+03
2.775328613281250000e+03
2.615631591796875000e+03
2.705359863281250000e+03
2.708213867187500000e+03
2.963714843750000000e+03
2.753435546875000000e+03
2.637050781250000000e+03
2.799348632812500000e+03
2.787946777343750000e+03
2.700562744140625000e+03
3.012062988281250000e+03
2.911870605468750000e+03
2.855983886718750000e+03
2.769979980468750000e+03
2.824410400390625000e+03
2.723063476562500000e+03
3.161817382812500000e+03
2.738110595703125000e+03
2.728951171875000000e+03
2.652032226562500000e+03
2.689863281250000000e+03
2.827557617187500000e+03
2.601458007812500000e+03
3.185525146484375000e+03
3.103310302734375000e+03
2.837831298828125000e+03
3.052391113281250000e+03
2.626449218750000000e+03
2.730095947265625000e+03
3.065334716796875000e+03
3.245920410156250000e+03
2.871083007812500000e+03
3.024680664062500000e+03
2.870130371093750000e+03
2.738283203125000000e+03
2.930275634765625000e+03
3.039042968750000000e+03
2.645120117187500000e+03
2.911139648437500000e+03
2.621823974609375000e+03
2.687223144531250000e+03
2.795841552734375000e+03
2.892091308593750000e+03
2.905417968750000000e+03
2.637834472656250000e+03
2.948361572265625000e+03
2.959380859375000000e+03
2.834650634765625000e+03
2.759187500000000000e+03
3.026508300781250000e+03
2.680745117187500000e+03
2.852200683593750000e+03
2.868819335937500000e+03
2.648824218750000000e+03
3.094762207031250000e+03
3.125576660156250000e+03
2.873107666015625000e+03
2.755719482421875000e+03
3.149558593750000000e+03
2.775744628906250000e+03
2.797226318359375000e+03
3.050148437500000000e+03
2.735912353515625000e+03
2.836740234375000000e+03
3.172658691406250000e+03
2.812244140625000000e+03
2.671238769531250000e+03
2.729194335937500000e+03
2.574736816406250000e+03
2.892242187500000000e+03
2.802953613281250000e+03
3.132962890625000000e+03
4.043450439453125000e+03
2.955044433593750000e+03
2.824108398437500000e+03
2.869916992187500000e+03
2.780491699218750000e+03
2.745227050781250000e+03
2.766130126953125000e+03
2.701198730468750000e+03
2.771070312500000000e+03
3.048404296875000000e+03
2.896703125000000000e+03
2.800634765625000000e+03
2.978547851562500000e+03
2.684445556640625000e+03
3.102030517578125000e+03
2.594389892578125000e+03
3.081358886718750000e+03
3.084916992187500000e+03
2.665735107421875000e+03
3.317251953125000000e+03
2.783764648437500000e+03
3.045730468750000000e+03
2.696412109375000000e+03
2.719633544921875000e+03
2.851367675781250000e+03
2.816962402343750000e+03
2.852731445312500000e+03
2.663335937500000000e+03
3.013890136718750000e+03
2.836210937500000000e+03
2.776570312500000000e+03
2.835217773437500000e+03
2.785201171875000000e+03
2.701885742187500000e+03
2.772536132812500000e+03
2.870001464843750000e+03
2.879938232421875000e+03
3.027693359375000000e+03
2.714502441406250000e+03
2.770184814453125000e+03
3.997272460937500000e+03
3.206543945312500000e+03
2.595190429687500000e+03
2.885229492187500000e+03
2.852734375000000000e+03
3.161238281250000000e+03
2.957732910156250000e+03
2.952929687500000000e+03
2.772766845703125000e+03
3.031589843750000000e+03
2.785087158203125000e+03
2.696702392578125000e+03
3.178239746093750000e+03
3.128831542968750000e+03
2.863655273437500000e+03
2.902283203125000000e+03
2.838666259765625000e+03
3.261683105468750000e+03
3.051332275390625000e+03
2.763412109375000000e+03
2.898145507812500000e+03
2.947978027343750000e+03
3.153044433593750000e+03
3.067200195312500000e+03
2.903354980468750000e+03
2.820885009765625000e+03
2.795178466796875000e+03
3.272503906250000000e+03
2.682662109375000000e+03
2.909314453125000000e+03
3.033854248046875000e+03
2.652872314453125000e+03
2.920006347656250000e+03
2.782947753906250000e+03
3.095169921875000000e+03
2.876598876953125000e+03
3.083330078125000000e+03
2.964455566406250000e+03
2.940858886718750000e+03
3.212394531250000000e+03
3.252027343750000000e+03
2.951789306640625000e+03
2.783376953125000000e+03
2.821842285156250000e+03
2.933467773437500000e+03
3.082997802734375000e+03
2.876005371093750000e+03
2.778312988281250000e+03
2.965974609375000000e+03
2.953037597656250000e+03
2.970149902343750000e+03
3.031620117187500000e+03
2.921152832031250000e+03
3.255268798828125000e+03
2.888008789062500000e+03
2.930912597656250000e+03
2.727446044921875000e+03
2.695318359375000000e+03
3.147279785156250000e+03
3.104639160156250000e+03
3.149589843750000000e+03
3.155864013671875000e+03
3.024597656250000000e+03
2.883304687500000000e+03
3.207844970703125000e+03
2.998635742187500000e+03
2.882233642578125000e+03
2.784786132812500000e+03
3.011510009765625000e+03
3.040306640625000000e+03
3.149216308593750000e+03
2.894814941406250000e+03
3.058904296875000000e+03
2.959136718750000000e+03
2.897035156250000000e+03
2.824121582031250000e+03
2.976148681640625000e+03
3.001765136718750000e+03
2.901829589843750000e+03
3.106044921875000000e+03
2.742981445312500000e+03
3.031247558593750000e+03
2.795931640625000000e+03
3.184646484375000000e+03
2.945969970703125000e+03
2.964188964843750000e+03
3.012894775390625000e+03
2.693662353515625000e+03
3.029564697265625000e+03
2.938336181640625000e+03
3.335467041015625000e+03
2.781261230468750000e+03
2.690903320312500000e+03
3.214824462890625000e+03
2.840440917968750000e+03
3.143425048828125000e+03
2.796815429687500000e+03
3.334141113281250000e+03
3.010291015625000000e+03
2.807473144531250000e+03
3.234690917968750000e+03
2.848256347656250000e+03
2.849787353515625000e+03
2.716620117187500000e+03
2.966802001953125000e+03
3.031395507812500000e+03
2.787606689453125000e+03
2.858869140625000000e+03
3.377995605468750000e+03
3.012045410156250000e+03
2.958182128906250000e+03
3.026834228515625000e+03
3.100175292968750000e+03
4.230350585937500000e+03
2.800804199218750000e+03
2.825667480468750000e+03
2.853497070312500000e+03
2.904941894531250000e+03
3.148307128906250000e+03
3.483155273437500000e+03
2.884641845703125000e+03
2.906711914062500000e+03
2.975817626953125000e+03
2.888507812500000000e+03
3.130936035156250000e+03
2.768316894531250000e+03
2.738161621093750000e+03
2.805927734375000000e+03
2.828872070312500000e+03
2.984160644531250000e+03
2.973843261718750000e+03
3.040719726562500000e+03
2.630047363281250000e+03
2.986788330078125000e+03
3.261638916015625000e+03
2.882606445312500000e+03
2.861082519531250000e+03
4.180159667968750000e+03
3.052887695312500000e+03
2.879774658203125000e+03
3.039259521484375000e+03
2.916795898437500000e+03
2.930585205078125000e+03
3.153731445312500000e+03
2.784209472656250000e+03
2.751764160156250000e+03
2.920756835937500000e+03
3.189746826171875000e+03
2.825567871093750000e+03
3.068739746093750000e+03
3.155242675781250000e+03
3.269561279296875000e+03
3.019847167968750000e+03
2.907420166015625000e+03
2.943819335937500000e+03
3.149198730468750000e+03
2.722084960937500000e+03
2.996451171875000000e+03
3.216087402343750000e+03
3.055723144531250000e+03
3.009199707031250000e+03
3.042984130859375000e+03
3.499951660156250000e+03
2.820540527343750000e+03
2.917134765625000000e+03
2.849227539062500000e+03
2.819301757812500000e+03
3.110794677734375000e+03
2.885044433593750000e+03
2.888632324218750000e+03
3.263082763671875000e+03
3.117152343750000000e+03
2.858722656250000000e+03
3.009391113281250000e+03
2.859151367187500000e+03
2.952777343750000000e+03
2.957891601562500000e+03
3.085386962890625000e+03
3.023602050781250000e+03
2.835767333984375000e+03
3.108105712890625000e+03
2.830312011718750000e+03
2.835562255859375000e+03
2.885447265625000000e+03
3.202035644531250000e+03
3.082767089843750000e+03
3.017946777343750000e+03
3.253043945312500000e+03
2.897663574218750000e+03
2.928700927734375000e+03
3.070543945312500000e+03
3.072808593750000000e+03
3.527558593750000000e+03
2.862738281250000000e+03
3.202608154296875000e+03
2.849967773437500000e+03
3.065231689453125000e+03
2.917806152343750000e+03
3.061586425781250000e+03
3.107531494140625000e+03
2.793288085937500000e+03
3.122238525390625000e+03
2.872011230468750000e+03
2.889561035156250000e+03
3.191630126953125000e+03
2.970509277343750000e+03
3.082993164062500000e+03
3.145826660156250000e+03
3.342921630859375000e+03
3.172335449218750000e+03
3.141170410156250000e+03
3.146812988281250000e+03
3.466312255859375000e+03
3.273429687500000000e+03
2.811840576171875000e+03
3.799154296875000000e+03
4.976639648437500000e+03
6.524511718750000000e+03
7.110833007812500000e+03
7.296350585937500000e+03
6.576989746093750000e+03
5.405368164062500000e+03
3.692600585937500000e+03
7.074248535156250000e+03
5.415179687500000000e+03
8.004510253906250000e+03
1.020031640625000000e+04
1.073389453125000000e+04
1.099907812500000000e+04
1.054588281250000000e+04
9.666593750000000000e+03
8.257244140625000000e+03
6.730213867187500000e+03
5.373983398437500000e+03
5.121507812500000000e+03
4.011128417968750000e+03
4.080777587890625000e+03
4.868686035156250000e+03
4.485471191406250000e+03
4.618815429687500000e+03
4.549052734375000000e+03
4.201574218750000000e+03
3.975368652343750000e+03
4.142352539062500000e+03
3.897898193359375000e+03
3.767539306640625000e+03
4.010709960937500000e+03
3.660554199218750000e+03
3.683583007812500000e+03
3.766986572265625000e+03
3.832203613281250000e+03
3.564268066406250000e+03
3.621815917968750000e+03
3.550125488281250000e+03
3.541312988281250000e+03
3.453881835937500000e+03
3.620214355468750000e+03
3.516527343750000000e+03
3.354413574218750000e+03
3.524594726562500000e+03
3.384072753906250000e+03
3.194357177734375000e+03
3.464350585937500000e+03
3.290587646484375000e+03
3.301440917968750000e+03
4.126112792968750000e+03
3.540241699218750000e+03
3.281553710937500000e+03
3.735399414062500000e+03
4.385615722656250000e+03
3.598248046875000000e+03
3.624216796875000000e+03
3.550599365234375000e+03
3.376697753906250000e+03
3.397536865234375000e+03
3.183106933593750000e+03
3.246040527343750000e+03
3.220397460937500000e+03
3.256192382812500000e+03
3.316481445312500000e+03
3.383615478515625000e+03
3.634370361328125000e+03
3.625044921875000000e+03
3.275797363281250000e+03
3.161511718750000000e+03
3.333450683593750000e+03
3.302047607421875000e+03
3.277911865234375000e+03
3.414410644531250000e+03
3.319992675781250000e+03
3.446570312500000000e+03
3.447540039062500000e+03
3.408006835937500000e+03
3.107403076171875000e+03
3.036563476562500000e+03
3.269235351562500000e+03
3.261894287109375000e+03
3.230583496093750000e+03
3.240935302734375000e+03
3.222456542968750000e+03
3.852300537109375000e+03
3.320236328125000000e+03
2.962924804687500000e+03
3.307650878906250000e+03
3.203509521484375000e+03
3.608565917968750000e+03
3.343193847656250000e+03
3.153895751953125000e+03
3.111846191406250000e+03
3.331204101562500000e+03
3.325444335937500000e+03
3.311776367187500000e+03
3.001044677734375000e+03
3.124500000000000000e+03
3.144270996093750000e+03
3.127447265625000000e+03
3.169360839843750000e+03
3.364508300781250000e+03
3.407992431640625000e+03
3.605870117187500000e+03
3.303544433593750000e+03
3.398043945312500000e+03
3.216469970703125000e+03
3.281728027343750000e+03
3.255776611328125000e+03
3.169253906250000000e+03
3.284304199218750000e+03
3.079057373046875000e+03
3.080766601562500000e+03
3.092045898437500000e+03
3.147146972656250000e+03
3.155135742187500000e+03
3.343840576171875000e+03
3.215027587890625000e+03
3.493865234375000000e+03
2.979716308593750000e+03
3.241981445312500000e+03
3.151215332031250000e+03
3.281166992187500000e+03
3.194102539062500000e+03
3.537680419921875000e+03
3.150429687500000000e+03
3.034518554687500000e+03
3.277147460937500000e+03
3.127152099609375000e+03
3.176206054687500000e+03
3.363559814453125000e+03
3.036086914062500000e+03
3.259330566406250000e+03
3.097322753906250000e+03
3.626095703125000000e+03
3.208025634765625000e+03
3.019180908203125000e+03
3.236073730468750000e+03
3.291138183593750000e+03
3.315666259765625000e+03
3.120651367187500000e+03
3.167891601562500000e+03
3.554676757812500000e+03
3.528083007812500000e+03
3.549298339843750000e+03
3.835308105468750000e+03
3.134163330078125000e+03
3.314557617187500000e+03
3.122279296875000000e+03
3.237959472656250000e+03
3.281417480468750000e+03
3.520761474609375000e+03
3.127632812500000000e+03
3.297552246093750000e+03
3.368874755859375000e+03
3.815275390625000000e+03
3.359642089843750000e+03
3.104683105468750000e+03
3.470948730468750000e+03
3.136237060546875000e+03
3.335993164062500000e+03
3.322010253906250000e+03
3.166253662109375000e+03
